58 1 1 340 145 134 -1 -1 -1 -1 
59 1 0 324 179 130 -1 -1 -1 -1 
60 1 30 308 179 121 -1 -1 -1 -1 
61 1 70 293 167 113 -1 -1 -1 -1 
62 1 106 286 154 97 -1 -1 -1 -1 
63 1 106 286 154 97 -1 -1 -1 -1 
64 1 138 274 144 92 -1 -1 -1 -1 
65 1 168 264 133 83 -1 -1 -1 -1 
66 1 196 254 122 80 -1 -1 -1 -1 
67 1 220 245 112 73 -1 -1 -1 -1 
68 1 220 245 112 73 -1 -1 -1 -1 
69 1 241 237 104 69 -1 -1 -1 -1 
70 1 261 233 96 62 -1 -1 -1 -1 
71 1 279 223 89 63 -1 -1 -1 -1 
72 1 295 219 84 55 -1 -1 -1 -1 
73 1 295 219 84 55 -1 -1 -1 -1 
74 1 309 216 78 52 -1 -1 -1 -1 
75 1 324 212 72 48 -1 -1 -1 -1 
76 1 335 205 68 49 -1 -1 -1 -1 
77 1 346 203 65 46 -1 -1 -1 -1 
78 1 346 203 65 46 -1 -1 -1 -1 
79 1 356 201 62 43 -1 -1 -1 -1 
80 1 365 197 57 41 -1 -1 -1 -1 
81 1 374 195 54 38 -1 -1 -1 -1 
82 1 382 192 50 38 -1 -1 -1 -1 
83 1 382 192 50 38 -1 -1 -1 -1 
84 1 389 189 49 36 -1 -1 -1 -1 
85 1 395 187 48 35 -1 -1 -1 -1 
86 1 402 185 44 33 -1 -1 -1 -1 
87 1 408 183 43 32 -1 -1 -1 -1 
88 1 408 183 43 32 -1 -1 -1 -1 
89 1 413 180 40 33 -1 -1 -1 -1 
90 1 418 179 38 28 -1 -1 -1 -1 
91 1 424 177 36 29 -1 -1 -1 -1 
92 1 428 175 36 29 -1 -1 -1 -1 
93 1 431 175 35 27 -1 -1 -1 -1 
94 1 431 175 35 27 -1 -1 -1 -1 
95 1 436 174 33 25 -1 -1 -1 -1 
96 1 440 171 32 26 -1 -1 -1 -1 
97 1 443 170 32 26 -1 -1 -1 -1 
98 1 446 170 30 23 -1 -1 -1 -1 
99 1 446 170 30 23 -1 -1 -1 -1 
100 1 451 167 27 25 -1 -1 -1 -1 
101 1 453 167 28 25 -1 -1 -1 -1 
102 1 455 166 27 23 -1 -1 -1 -1 
103 1 458 165 25 22 -1 -1 -1 -1 
104 1 458 165 25 22 -1 -1 -1 -1 
105 1 461 164 25 21 -1 -1 -1 -1 
106 1 463 163 24 21 -1 -1 -1 -1 
107 1 466 161 23 21 -1 -1 -1 -1 
108 1 467 161 22 20 -1 -1 -1 -1 
109 1 469 160 22 20 -1 -1 -1 -1 
110 1 469 160 22 20 -1 -1 -1 -1 
111 1 472 160 20 17 -1 -1 -1 -1 
112 1 473 159 20 19 -1 -1 -1 -1 
113 1 475 158 21 18 -1 -1 -1 -1 
114 1 477 157 20 18 -1 -1 -1 -1 
115 1 478 156 21 18 -1 -1 -1 -1 
116 1 479 156 21 17 -1 -1 -1 -1 
117 1 479 156 21 17 -1 -1 -1 -1 
118 1 482 155 20 16 -1 -1 -1 -1 
119 1 484 154 19 17 -1 -1 -1 -1 
120 1 486 153 17 17 -1 -1 -1 -1 
121 1 487 153 17 16 -1 -1 -1 -1 
122 1 487 153 17 16 -1 -1 -1 -1 
123 1 488 152 17 17 -1 -1 -1 -1 
124 1 489 152 18 16 -1 -1 -1 -1 
125 1 490 151 18 16 -1 -1 -1 -1 
126 1 492 151 16 14 -1 -1 -1 -1 
127 1 493 151 17 13 -1 -1 -1 -1 
128 1 493 151 17 13 -1 -1 -1 -1 
129 1 494 150 17 14 -1 -1 -1 -1 
130 1 496 150 16 14 -1 -1 -1 -1 
131 1 497 150 15 13 -1 -1 -1 -1 
132 1 497 150 16 13 -1 -1 -1 -1 
133 1 498 149 16 13 -1 -1 -1 -1 
134 1 498 149 16 13 -1 -1 -1 -1 
135 1 499 148 16 13 -1 -1 -1 -1 
136 1 501 148 14 13 -1 -1 -1 -1 
137 1 501 148 15 13 -1 -1 -1 -1 
138 1 502 148 15 12 -1 -1 -1 -1 
139 1 504 148 13 12 -1 -1 -1 -1 
140 1 505 148 13 11 -1 -1 -1 -1 
141 1 505 148 13 11 -1 -1 -1 -1 
142 1 506 148 12 10 -1 -1 -1 -1 
149 1 510 144 13 10 -1 -1 -1 -1 
167 1 581 158 10 11 -1 -1 -1 -1 
171 1 581 162 12 10 -1 -1 -1 -1 
172 1 582 162 11 10 -1 -1 -1 -1 
173 1 583 162 12 12 -1 -1 -1 -1 
174 1 583 162 12 12 -1 -1 -1 -1 
175 1 582 163 14 14 -1 -1 -1 -1 
176 1 583 165 13 12 -1 -1 -1 -1 
177 1 583 166 14 13 -1 -1 -1 -1 
178 1 584 168 13 11 -1 -1 -1 -1 
179 1 584 168 13 12 -1 -1 -1 -1 
180 1 585 169 13 13 -1 -1 -1 -1 
181 1 586 169 13 14 -1 -1 -1 -1 
182 1 586 169 13 16 -1 -1 -1 -1 
183 1 586 170 14 17 -1 -1 -1 -1 
184 1 586 172 15 18 -1 -1 -1 -1 
185 1 586 172 15 18 -1 -1 -1 -1 
186 1 587 174 16 18 -1 -1 -1 -1 
187 1 588 176 17 17 -1 -1 -1 -1 
188 1 588 176 17 19 -1 -1 -1 -1 
189 1 589 178 17 19 -1 -1 -1 -1 
190 1 589 179 18 21 -1 -1 -1 -1 
191 1 590 180 18 23 -1 -1 -1 -1 
192 1 590 181 19 24 -1 -1 -1 -1 
193 1 591 183 18 24 -1 -1 -1 -1 
194 1 591 187 20 23 -1 -1 -1 -1 
195 1 593 187 20 27 -1 -1 -1 -1 
196 1 594 193 22 25 -1 -1 -1 -1 
197 1 594 196 24 26 -1 -1 -1 -1 
198 1 595 197 25 28 -1 -1 -1 -1 
199 1 598 200 24 30 -1 -1 -1 -1 
200 1 599 203 25 31 -1 -1 -1 -1 
201 1 600 207 27 34 -1 -1 -1 -1 
202 1 601 210 29 34 -1 -1 -1 -1 
203 1 604 218 32 41 -1 -1 -1 -1 
204 1 605 224 34 45 -1 -1 -1 -1 
205 1 607 229 32 49 -1 -1 -1 -1 
205 3 301 273 118 100 -1 -1 -1 -1 
206 1 610 234 29 52 -1 -1 -1 -1 
206 3 333 260 103 82 -1 -1 -1 -1 
207 1 613 241 26 57 -1 -1 -1 -1 
207 3 363 245 88 71 -1 -1 -1 -1 
208 1 615 249 24 60 -1 -1 -1 -1 
208 3 385 234 77 62 -1 -1 -1 -1 
209 1 620 258 19 66 -1 -1 -1 -1 
209 3 402 224 69 56 -1 -1 -1 -1 
210 1 620 258 19 66 -1 -1 -1 -1 
211 3 429 207 56 48 -1 -1 -1 -1 
212 3 436 202 55 44 -1 -1 -1 -1 
213 3 457 193 42 37 -1 -1 -1 -1 
214 3 463 188 39 35 -1 -1 -1 -1 
215 3 469 185 37 33 -1 -1 -1 -1 
215 6 0 216 73 57 -1 -1 -1 -1 
215 7 324 258 104 79 -1 -1 -1 -1 
216 3 469 185 37 33 -1 -1 -1 -1 
216 6 0 209 95 57 -1 -1 -1 -1 
216 7 353 245 89 69 -1 -1 -1 -1 
217 6 11 203 104 56 -1 -1 -1 -1 
217 7 376 232 76 62 -1 -1 -1 -1 
218 6 32 200 101 51 -1 -1 -1 -1 
218 7 394 223 68 52 -1 -1 -1 -1 
218 8 482 176 31 28 -1 -1 -1 -1 
219 6 57 194 92 52 -1 -1 -1 -1 
219 7 408 214 61 50 -1 -1 -1 -1 
219 8 486 175 28 25 -1 -1 -1 -1 
220 6 75 190 91 49 -1 -1 -1 -1 
220 7 421 207 56 45 -1 -1 -1 -1 
220 8 490 173 26 23 -1 -1 -1 -1 
221 6 96 187 87 44 -1 -1 -1 -1 
221 7 431 201 51 42 -1 -1 -1 -1 
221 8 494 170 25 22 -1 -1 -1 -1 
222 6 113 184 84 43 -1 -1 -1 -1 
222 7 440 196 47 37 -1 -1 -1 -1 
222 8 497 169 23 21 -1 -1 -1 -1 
223 6 129 181 80 42 -1 -1 -1 -1 
223 7 448 192 41 35 -1 -1 -1 -1 
223 8 498 169 24 18 -1 -1 -1 -1 
224 6 146 178 77 41 -1 -1 -1 -1 
224 7 453 188 40 33 -1 -1 -1 -1 
224 8 499 166 24 19 -1 -1 -1 -1 
225 6 161 174 68 40 -1 -1 -1 -1 
225 7 461 184 35 31 -1 -1 -1 -1 
225 8 503 165 22 17 -1 -1 -1 -1 
226 6 175 173 59 37 -1 -1 -1 -1 
226 7 465 183 33 26 -1 -1 -1 -1 
226 8 506 163 20 18 -1 -1 -1 -1 
227 6 190 170 51 36 -1 -1 -1 -1 
227 7 470 179 30 27 -1 -1 -1 -1 
227 8 509 161 18 17 -1 -1 -1 -1 
228 6 200 155 70 49 -1 -1 -1 -1 
228 7 474 175 29 27 -1 -1 -1 -1 
228 8 511 160 19 17 -1 -1 -1 -1 
229 6 213 151 61 51 -1 -1 -1 -1 
229 7 478 174 27 23 -1 -1 -1 -1 
229 8 511 159 19 15 -1 -1 -1 -1 
230 6 223 150 56 49 -1 -1 -1 -1 
230 7 481 172 26 21 -1 -1 -1 -1 
230 8 512 157 20 16 -1 -1 -1 -1 
231 1 578 148 10 12 -1 -1 -1 -1 
231 6 226 153 61 43 -1 -1 -1 -1 
231 7 485 168 24 23 -1 -1 -1 -1 
231 8 513 157 21 14 -1 -1 -1 -1 
232 1 578 149 11 12 -1 -1 -1 -1 
232 6 226 153 61 43 -1 -1 -1 -1 
232 7 488 168 21 19 -1 -1 -1 -1 
233 1 579 149 10 12 -1 -1 -1 -1 
233 7 489 165 23 19 -1 -1 -1 -1 
233 8 517 154 18 14 -1 -1 -1 -1 
234 1 579 149 11 13 -1 -1 -1 -1 
234 7 491 164 22 18 -1 -1 -1 -1 
234 8 518 154 17 13 -1 -1 -1 -1 
235 1 579 150 12 14 -1 -1 -1 -1 
235 7 496 160 19 18 -1 -1 -1 -1 
235 8 520 151 16 12 -1 -1 -1 -1 
236 1 498 159 19 16 -1 -1 -1 -1 
236 7 579 150 12 15 -1 -1 -1 -1 
236 8 522 151 14 12 -1 -1 -1 -1 
236 12 11 245 215 167 -1 -1 -1 -1 
237 1 500 157 19 17 -1 -1 -1 -1 
237 7 579 151 12 15 -1 -1 -1 -1 
237 8 523 150 14 12 -1 -1 -1 -1 
237 12 72 231 189 153 -1 -1 -1 -1 
238 1 501 157 18 15 -1 -1 -1 -1 
238 7 579 153 13 14 -1 -1 -1 -1 
238 8 524 149 14 11 -1 -1 -1 -1 
238 12 121 221 169 136 -1 -1 -1 -1 
239 1 502 156 18 14 -1 -1 -1 -1 
239 7 579 154 13 15 -1 -1 -1 -1 
239 8 525 148 14 11 -1 -1 -1 -1 
239 12 163 211 153 124 -1 -1 -1 -1 
240 1 507 152 16 14 -1 -1 -1 -1 
240 7 580 157 13 13 -1 -1 -1 -1 
240 8 527 147 13 11 -1 -1 -1 -1 
240 12 231 193 119 107 -1 -1 -1 -1 
241 1 508 152 15 12 -1 -1 -1 -1 
241 7 580 158 14 13 -1 -1 -1 -1 
241 8 527 147 13 11 -1 -1 -1 -1 
241 12 259 187 104 96 -1 -1 -1 -1 
241 14 226 175 15 24 -1 -1 -1 -1 
242 1 509 150 15 13 -1 -1 -1 -1 
242 7 582 159 13 14 -1 -1 -1 -1 
242 12 283 186 95 85 -1 -1 -1 -1 
242 14 226 175 14 24 -1 -1 -1 -1 
242 15 336 258 109 94 -1 -1 -1 -1 
243 1 510 149 15 13 -1 -1 -1 -1 
243 7 583 160 13 13 -1 -1 -1 -1 
243 8 530 145 11 10 -1 -1 -1 -1 
243 12 303 183 90 80 -1 -1 -1 -1 
243 14 226 175 14 24 -1 -1 -1 -1 
243 15 364 246 92 79 -1 -1 -1 -1 
244 1 510 149 16 12 -1 -1 -1 -1 
244 7 582 161 15 14 -1 -1 -1 -1 
244 8 530 145 11 10 -1 -1 -1 -1 
244 12 321 179 79 75 -1 -1 -1 -1 
245 1 512 148 15 13 -1 -1 -1 -1 
245 7 582 161 15 16 -1 -1 -1 -1 
245 12 336 176 72 70 -1 -1 -1 -1 
245 15 401 222 74 68 -1 -1 -1 -1 
246 1 513 148 14 12 -1 -1 -1 -1 
246 7 582 164 16 15 -1 -1 -1 -1 
246 12 348 173 69 65 -1 -1 -1 -1 
246 15 415 216 68 60 -1 -1 -1 -1 
247 1 514 148 14 11 -1 -1 -1 -1 
247 7 583 166 15 14 -1 -1 -1 -1 
247 12 363 170 62 62 -1 -1 -1 -1 
247 15 428 208 60 57 -1 -1 -1 -1 
248 1 515 147 13 11 -1 -1 -1 -1 
248 7 584 167 15 14 -1 -1 -1 -1 
248 12 374 169 57 56 -1 -1 -1 -1 
248 15 438 204 53 49 -1 -1 -1 -1 
249 1 516 146 14 10 -1 -1 -1 -1 
249 7 585 168 14 15 -1 -1 -1 -1 
249 12 383 165 55 56 -1 -1 -1 -1 
249 15 446 201 50 44 -1 -1 -1 -1 
250 1 517 145 12 10 -1 -1 -1 -1 
250 7 585 168 14 16 -1 -1 -1 -1 
250 12 390 165 53 53 -1 -1 -1 -1 
250 15 455 196 44 42 -1 -1 -1 -1 
251 1 517 145 12 10 -1 -1 -1 -1 
251 7 585 169 15 17 -1 -1 -1 -1 
251 12 400 164 48 48 -1 -1 -1 -1 
252 7 585 170 16 18 -1 -1 -1 -1 
252 12 408 160 47 49 -1 -1 -1 -1 
252 15 466 186 40 38 -1 -1 -1 -1 
253 7 586 172 17 20 -1 -1 -1 -1 
253 12 413 156 45 49 -1 -1 -1 -1 
253 15 472 185 35 35 -1 -1 -1 -1 
254 7 586 174 18 19 -1 -1 -1 -1 
254 12 413 156 45 49 -1 -1 -1 -1 
254 15 475 183 34 31 -1 -1 -1 -1 
255 7 587 175 18 19 -1 -1 -1 -1 
255 12 427 156 39 43 -1 -1 -1 -1 
255 15 480 181 32 29 -1 -1 -1 -1 
256 7 588 176 17 21 -1 -1 -1 -1 
256 12 433 157 35 40 -1 -1 -1 -1 
256 15 483 177 32 28 -1 -1 -1 -1 
257 7 588 177 19 23 -1 -1 -1 -1 
257 12 437 154 34 39 -1 -1 -1 -1 
257 15 488 174 28 28 -1 -1 -1 -1 
257 20 220 323 169 135 -1 -1 -1 -1 
258 7 589 178 19 24 -1 -1 -1 -1 
258 12 437 154 34 39 -1 -1 -1 -1 
258 15 491 172 26 26 -1 -1 -1 -1 
259 1 582 146 13 12 -1 -1 -1 -1 
259 7 589 180 20 24 -1 -1 -1 -1 
259 15 493 171 27 24 -1 -1 -1 -1 
259 20 314 269 119 102 -1 -1 -1 -1 
260 1 582 146 13 12 -1 -1 -1 -1 
260 7 590 182 20 25 -1 -1 -1 -1 
260 15 497 169 24 23 -1 -1 -1 -1 
260 20 347 255 102 84 -1 -1 -1 -1 
261 7 591 186 21 24 -1 -1 -1 -1 
261 15 498 168 24 21 -1 -1 -1 -1 
261 20 372 241 88 75 -1 -1 -1 -1 
261 21 453 153 31 31 -1 -1 -1 -1 
262 7 593 187 21 26 -1 -1 -1 -1 
262 15 499 164 24 22 -1 -1 -1 -1 
262 20 393 230 79 66 -1 -1 -1 -1 
262 21 455 149 29 33 -1 -1 -1 -1 
263 7 593 190 24 27 -1 -1 -1 -1 
263 15 503 163 21 21 -1 -1 -1 -1 
263 20 409 221 70 60 -1 -1 -1 -1 
263 21 461 148 26 32 -1 -1 -1 -1 
264 1 585 149 12 13 -1 -1 -1 -1 
264 7 595 193 26 29 -1 -1 -1 -1 
264 15 505 163 21 18 -1 -1 -1 -1 
264 20 423 211 63 57 -1 -1 -1 -1 
264 21 464 148 25 30 -1 -1 -1 -1 
264 22 423 210 64 58 -1 -1 -1 -1 
265 1 586 150 13 12 -1 -1 -1 -1 
265 7 597 196 25 31 -1 -1 -1 -1 
265 15 507 160 20 20 -1 -1 -1 -1 
265 20 434 205 58 51 -1 -1 -1 -1 
266 1 586 150 13 12 -1 -1 -1 -1 
266 7 598 198 26 33 -1 -1 -1 -1 
266 15 510 159 19 19 -1 -1 -1 -1 
267 7 599 201 28 34 -1 -1 -1 -1 
267 15 510 157 21 20 -1 -1 -1 -1 
267 20 454 196 48 43 -1 -1 -1 -1 
268 7 599 207 31 35 -1 -1 -1 -1 
268 15 511 157 19 17 -1 -1 -1 -1 
268 20 454 196 48 43 -1 -1 -1 -1 
269 7 602 209 31 39 -1 -1 -1 -1 
269 15 513 156 19 16 -1 -1 -1 -1 
269 23 478 146 21 25 -1 -1 -1 -1 
270 1 589 155 11 14 -1 -1 -1 -1 
270 7 602 215 34 41 -1 -1 -1 -1 
270 15 514 156 19 15 -1 -1 -1 -1 
270 23 477 145 23 25 -1 -1 -1 -1 
270 24 473 184 38 35 -1 -1 -1 -1 
271 1 589 155 11 14 -1 -1 -1 -1 
271 7 604 217 35 48 -1 -1 -1 -1 
271 15 516 154 17 15 -1 -1 -1 -1 
271 23 481 145 21 23 -1 -1 -1 -1 
272 1 591 157 10 13 -1 -1 -1 -1 
272 7 605 224 34 47 -1 -1 -1 -1 
272 15 518 153 16 15 -1 -1 -1 -1 
272 23 483 145 20 21 -1 -1 -1 -1 
272 24 483 180 34 30 -1 -1 -1 -1 
273 1 591 157 10 13 -1 -1 -1 -1 
273 7 609 229 30 54 -1 -1 -1 -1 
273 15 519 152 16 14 -1 -1 -1 -1 
273 23 485 145 19 21 -1 -1 -1 -1 
274 7 612 237 27 56 -1 -1 -1 -1 
274 15 520 151 15 14 -1 -1 -1 -1 
274 23 488 143 17 21 -1 -1 -1 -1 
274 24 492 175 29 25 -1 -1 -1 -1 
275 7 612 237 27 56 -1 -1 -1 -1 
275 15 521 150 15 14 -1 -1 -1 -1 
275 23 489 143 18 21 -1 -1 -1 -1 
276 1 594 161 12 15 -1 -1 -1 -1 
276 15 522 149 14 13 -1 -1 -1 -1 
276 23 490 144 19 19 -1 -1 -1 -1 
276 24 496 170 29 24 -1 -1 -1 -1 
277 1 595 164 13 15 -1 -1 -1 -1 
277 15 523 147 14 15 -1 -1 -1 -1 
277 23 492 144 18 18 -1 -1 -1 -1 
277 24 502 167 25 24 -1 -1 -1 -1 
278 1 596 166 12 14 -1 -1 -1 -1 
278 15 524 147 14 14 -1 -1 -1 -1 
278 23 493 144 18 17 -1 -1 -1 -1 
278 24 504 165 24 23 -1 -1 -1 -1 
279 1 596 167 13 14 -1 -1 -1 -1 
279 15 524 147 15 13 -1 -1 -1 -1 
279 23 495 144 16 16 -1 -1 -1 -1 
279 24 508 165 22 20 -1 -1 -1 -1 
280 1 597 168 13 14 -1 -1 -1 -1 
280 15 524 147 15 13 -1 -1 -1 -1 
280 23 496 143 16 17 -1 -1 -1 -1 
280 24 509 163 22 20 -1 -1 -1 -1 
281 1 597 168 13 16 -1 -1 -1 -1 
281 23 498 145 15 14 -1 -1 -1 -1 
281 24 511 164 21 17 -1 -1 -1 -1 
282 1 598 170 16 19 -1 -1 -1 -1 
282 23 501 142 14 16 -1 -1 -1 -1 
282 24 515 160 21 17 -1 -1 -1 -1 
283 1 600 172 15 18 -1 -1 -1 -1 
283 23 501 142 14 16 -1 -1 -1 -1 
283 24 517 160 19 16 -1 -1 -1 -1 
304 1 600 172 15 18 -1 -1 -1 -1 
305 15 582 150 13 11 -1 -1 -1 -1 
306 15 582 150 13 11 -1 -1 -1 -1 
307 15 582 150 13 12 -1 -1 -1 -1 
308 15 582 151 13 12 -1 -1 -1 -1 
313 15 585 154 12 13 -1 -1 -1 -1 
314 15 585 155 11 13 -1 -1 -1 -1 
315 15 585 156 11 13 -1 -1 -1 -1 
316 15 585 156 11 13 -1 -1 -1 -1 
317 15 585 157 12 12 -1 -1 -1 -1 
318 15 585 159 11 12 -1 -1 -1 -1 
319 15 585 160 12 12 -1 -1 -1 -1 
320 15 586 160 11 12 -1 -1 -1 -1 
321 15 586 160 12 13 -1 -1 -1 -1 
322 1 587 159 13 16 -1 -1 -1 -1 
323 1 587 158 14 19 -1 -1 -1 -1 
324 1 587 158 14 19 -1 -1 -1 -1 
325 1 587 162 13 17 -1 -1 -1 -1 
326 1 588 164 13 16 -1 -1 -1 -1 
327 1 588 165 14 16 -1 -1 -1 -1 
328 1 589 166 13 15 -1 -1 -1 -1 
329 1 590 165 13 18 -1 -1 -1 -1 
330 1 590 164 15 21 -1 -1 -1 -1 
331 1 590 163 16 22 -1 -1 -1 -1 
332 1 591 168 16 19 -1 -1 -1 -1 
333 1 591 170 17 18 -1 -1 -1 -1 
334 1 592 169 17 20 -1 -1 -1 -1 
335 1 593 169 17 22 -1 -1 -1 -1 
336 1 595 170 15 22 -1 -1 -1 -1 
337 1 595 172 15 21 -1 -1 -1 -1 
338 1 596 174 16 22 -1 -1 -1 -1 
339 1 597 178 17 20 -1 -1 -1 -1 
340 1 598 180 17 21 -1 -1 -1 -1 
341 1 599 182 19 21 -1 -1 -1 -1 
342 1 600 184 20 20 -1 -1 -1 -1 
343 1 601 184 20 23 -1 -1 -1 -1 
343 15 578 157 13 16 -1 -1 -1 -1 
344 1 603 186 19 23 -1 -1 -1 -1 
345 1 605 188 19 23 -1 -1 -1 -1 
346 1 578 159 15 19 -1 -1 -1 -1 
347 1 578 159 15 19 -1 -1 -1 -1 
348 1 578 164 17 16 -1 -1 -1 -1 
348 29 606 194 25 27 -1 -1 -1 -1 
349 1 579 167 16 14 -1 -1 -1 -1 
349 29 610 197 22 28 -1 -1 -1 -1 
350 1 579 167 17 14 -1 -1 -1 -1 
350 29 611 199 24 30 -1 -1 -1 -1 
351 1 580 168 16 16 -1 -1 -1 -1 
351 29 612 202 27 31 -1 -1 -1 -1 
352 1 581 167 16 18 -1 -1 -1 -1 
352 29 614 205 25 32 -1 -1 -1 -1 
353 1 581 168 17 18 -1 -1 -1 -1 
353 29 617 207 22 34 -1 -1 -1 -1 
354 1 581 167 17 21 -1 -1 -1 -1 
355 1 582 169 17 21 -1 -1 -1 -1 
355 15 603 172 14 14 -1 -1 -1 -1 
356 1 582 172 17 19 -1 -1 -1 -1 
356 15 603 172 15 14 -1 -1 -1 -1 
357 1 583 174 16 18 -1 -1 -1 -1 
357 15 603 173 16 14 -1 -1 -1 -1 
357 31 3 283 302 194 -1 -1 -1 -1 
358 1 583 174 17 19 -1 -1 -1 -1 
358 15 603 173 16 16 -1 -1 -1 -1 
358 31 26 267 312 209 -1 -1 -1 -1 
359 1 584 175 17 21 -1 -1 -1 -1 
359 15 604 173 17 17 -1 -1 -1 -1 
359 31 93 248 271 227 -1 -1 -1 -1 
360 1 585 177 17 20 -1 -1 -1 -1 
360 15 606 173 15 18 -1 -1 -1 -1 
360 31 145 236 235 213 -1 -1 -1 -1 
361 1 585 177 19 23 -1 -1 -1 -1 
361 15 606 174 15 19 -1 -1 -1 -1 
361 31 187 227 209 188 -1 -1 -1 -1 
362 1 585 179 20 23 -1 -1 -1 -1 
362 15 607 175 14 18 -1 -1 -1 -1 
362 31 225 214 183 173 -1 -1 -1 -1 
363 1 585 181 21 23 -1 -1 -1 -1 
363 15 607 176 14 18 -1 -1 -1 -1 
363 31 258 208 156 156 -1 -1 -1 -1 
364 1 586 180 21 24 -1 -1 -1 -1 
364 15 608 177 14 17 -1 -1 -1 -1 
364 31 284 203 144 139 -1 -1 -1 -1 
364 33 585 152 12 12 -1 -1 -1 -1 
364 34 0 331 131 144 -1 -1 -1 -1 
365 1 587 182 20 25 -1 -1 -1 -1 
365 15 608 177 15 19 -1 -1 -1 -1 
365 31 307 195 128 129 -1 -1 -1 -1 
365 33 586 153 12 12 -1 -1 -1 -1 
365 34 1 317 164 151 -1 -1 -1 -1 
366 1 588 187 23 27 -1 -1 -1 -1 
366 15 608 177 15 19 -1 -1 -1 -1 
366 31 343 186 112 110 -1 -1 -1 -1 
366 33 586 155 13 13 -1 -1 -1 -1 
367 1 588 188 25 30 -1 -1 -1 -1 
367 31 357 186 100 99 -1 -1 -1 -1 
367 33 586 156 13 13 -1 -1 -1 -1 
367 34 67 275 182 121 -1 -1 -1 -1 
368 1 590 191 25 30 -1 -1 -1 -1 
368 31 372 183 90 91 -1 -1 -1 -1 
368 33 586 156 13 13 -1 -1 -1 -1 
368 34 103 263 169 112 -1 -1 -1 -1 
369 1 590 191 25 30 -1 -1 -1 -1 
369 31 382 178 87 89 -1 -1 -1 -1 
369 33 586 157 13 13 -1 -1 -1 -1 
369 34 138 252 153 105 -1 -1 -1 -1 
370 31 393 178 78 80 -1 -1 -1 -1 
370 33 586 157 13 13 -1 -1 -1 -1 
370 34 169 246 140 95 -1 -1 -1 -1 
371 31 401 174 75 75 -1 -1 -1 -1 
371 33 587 158 13 14 -1 -1 -1 -1 
371 34 195 236 130 92 -1 -1 -1 -1 
371 37 226 175 15 25 -1 -1 -1 -1 
372 31 408 173 70 73 -1 -1 -1 -1 
372 33 587 158 13 15 -1 -1 -1 -1 
372 34 219 230 119 85 -1 -1 -1 -1 
372 37 226 175 15 25 -1 -1 -1 -1 
373 31 415 171 69 70 -1 -1 -1 -1 
373 33 587 158 13 16 -1 -1 -1 -1 
373 34 241 222 111 80 -1 -1 -1 -1 
373 37 226 175 15 25 -1 -1 -1 -1 
373 40 193 349 187 130 -1 -1 -1 -1 
374 31 423 171 61 65 -1 -1 -1 -1 
374 33 587 158 13 18 -1 -1 -1 -1 
374 34 261 216 103 75 -1 -1 -1 -1 
374 37 226 175 15 25 -1 -1 -1 -1 
375 31 429 167 56 64 -1 -1 -1 -1 
375 33 588 159 12 18 -1 -1 -1 -1 
375 34 278 214 97 68 -1 -1 -1 -1 
375 40 275 306 145 121 -1 -1 -1 -1 
376 31 434 167 52 60 -1 -1 -1 -1 
376 33 588 162 12 17 -1 -1 -1 -1 
376 34 295 209 87 64 -1 -1 -1 -1 
376 40 305 287 127 110 -1 -1 -1 -1 
377 31 438 165 50 59 -1 -1 -1 -1 
377 33 588 165 13 16 -1 -1 -1 -1 
377 34 310 205 81 63 -1 -1 -1 -1 
377 40 333 273 111 98 -1 -1 -1 -1 
378 31 443 165 47 56 -1 -1 -1 -1 
378 33 589 166 13 15 -1 -1 -1 -1 
378 34 322 200 77 61 -1 -1 -1 -1 
378 40 354 262 100 89 -1 -1 -1 -1 
379 31 448 165 45 51 -1 -1 -1 -1 
379 33 589 166 14 16 -1 -1 -1 -1 
379 34 335 196 69 57 -1 -1 -1 -1 
379 40 372 250 91 81 -1 -1 -1 -1 
380 31 451 161 44 52 -1 -1 -1 -1 
380 33 590 167 13 16 -1 -1 -1 -1 
380 34 344 194 69 53 -1 -1 -1 -1 
380 40 388 242 82 72 -1 -1 -1 -1 
381 31 455 160 42 51 -1 -1 -1 -1 
381 33 590 167 13 16 -1 -1 -1 -1 
381 34 357 191 60 52 -1 -1 -1 -1 
381 40 401 234 75 70 -1 -1 -1 -1 
382 31 457 157 41 50 -1 -1 -1 -1 
382 33 591 168 13 17 -1 -1 -1 -1 
382 34 364 190 59 49 -1 -1 -1 -1 
382 40 413 228 68 62 -1 -1 -1 -1 
383 31 462 157 38 48 -1 -1 -1 -1 
383 33 591 169 13 17 -1 -1 -1 -1 
383 34 371 186 58 48 -1 -1 -1 -1 
383 40 423 224 63 55 -1 -1 -1 -1 
383 46 609 250 30 68 -1 -1 -1 -1 
384 31 465 157 37 47 -1 -1 -1 -1 
384 33 590 169 15 18 -1 -1 -1 -1 
384 34 381 185 54 46 -1 -1 -1 -1 
384 40 432 215 59 56 -1 -1 -1 -1 
384 46 612 256 27 79 -1 -1 -1 -1 
385 31 468 155 35 46 -1 -1 -1 -1 
385 33 591 170 15 18 -1 -1 -1 -1 
385 34 386 185 53 43 -1 -1 -1 -1 
385 40 439 212 55 52 -1 -1 -1 -1 
386 31 470 153 36 45 -1 -1 -1 -1 
386 33 590 170 17 20 -1 -1 -1 -1 
386 34 392 179 53 44 -1 -1 -1 -1 
386 40 447 207 51 49 -1 -1 -1 -1 
387 31 473 153 33 43 -1 -1 -1 -1 
387 33 591 170 17 22 -1 -1 -1 -1 
387 34 399 177 48 42 -1 -1 -1 -1 
387 40 453 204 49 44 -1 -1 -1 -1 
388 31 475 152 32 41 -1 -1 -1 -1 
388 33 592 172 17 21 -1 -1 -1 -1 
388 34 405 177 46 40 -1 -1 -1 -1 
388 40 457 202 47 42 -1 -1 -1 -1 
389 31 476 152 32 39 -1 -1 -1 -1 
389 33 592 173 18 23 -1 -1 -1 -1 
389 34 410 175 43 38 -1 -1 -1 -1 
389 40 463 198 42 39 -1 -1 -1 -1 
390 31 479 153 29 37 -1 -1 -1 -1 
390 33 593 173 18 24 -1 -1 -1 -1 
390 34 414 174 42 36 -1 -1 -1 -1 
390 40 468 194 40 38 -1 -1 -1 -1 
391 31 481 152 29 31 -1 -1 -1 -1 
391 33 594 174 17 24 -1 -1 -1 -1 
391 34 419 173 41 33 -1 -1 -1 -1 
391 40 471 191 37 36 -1 -1 -1 -1 
392 31 484 151 27 32 -1 -1 -1 -1 
392 33 595 175 17 26 -1 -1 -1 -1 
392 34 424 171 39 33 -1 -1 -1 -1 
392 40 476 190 35 33 -1 -1 -1 -1 
393 31 484 149 28 35 -1 -1 -1 -1 
393 33 595 176 18 27 -1 -1 -1 -1 
393 34 428 170 38 32 -1 -1 -1 -1 
393 40 480 187 33 32 -1 -1 -1 -1 
394 31 486 150 26 31 -1 -1 -1 -1 
394 33 595 178 19 25 -1 -1 -1 -1 
394 34 433 170 34 31 -1 -1 -1 -1 
394 40 482 184 33 31 -1 -1 -1 -1 
395 31 486 150 26 31 -1 -1 -1 -1 
395 33 595 179 21 27 -1 -1 -1 -1 
395 34 434 169 37 30 -1 -1 -1 -1 
396 33 595 180 22 29 -1 -1 -1 -1 
396 34 438 166 34 31 -1 -1 -1 -1 
396 40 488 180 29 28 -1 -1 -1 -1 
397 33 596 183 22 29 -1 -1 -1 -1 
397 34 442 165 32 31 -1 -1 -1 -1 
397 40 491 179 28 26 -1 -1 -1 -1 
398 33 597 185 23 28 -1 -1 -1 -1 
398 34 445 164 31 29 -1 -1 -1 -1 
398 40 493 176 28 26 -1 -1 -1 -1 
399 33 598 186 23 30 -1 -1 -1 -1 
399 34 448 164 29 27 -1 -1 -1 -1 
399 40 496 175 27 25 -1 -1 -1 -1 
400 33 599 189 23 31 -1 -1 -1 -1 
400 34 451 164 28 25 -1 -1 -1 -1 
400 40 497 173 26 25 -1 -1 -1 -1 
401 33 599 192 25 32 -1 -1 -1 -1 
401 34 454 163 28 26 -1 -1 -1 -1 
401 40 498 172 27 23 -1 -1 -1 -1 
402 33 600 192 26 35 -1 -1 -1 -1 
402 34 455 163 28 24 -1 -1 -1 -1 
402 40 502 170 23 22 -1 -1 -1 -1 
402 49 497 152 20 18 -1 -1 -1 -1 
403 33 600 195 28 37 -1 -1 -1 -1 
403 34 457 162 27 24 -1 -1 -1 -1 
403 40 503 168 23 23 -1 -1 -1 -1 
403 49 498 150 21 20 -1 -1 -1 -1 
404 33 602 196 28 39 -1 -1 -1 -1 
404 34 460 161 26 23 -1 -1 -1 -1 
404 40 505 168 23 21 -1 -1 -1 -1 
404 49 499 152 21 17 -1 -1 -1 -1 
405 33 602 196 28 39 -1 -1 -1 -1 
405 34 463 160 25 23 -1 -1 -1 -1 
405 40 507 166 22 21 -1 -1 -1 -1 
406 33 605 203 30 40 -1 -1 -1 -1 
406 34 466 159 22 22 -1 -1 -1 -1 
406 40 509 164 21 21 -1 -1 -1 -1 
406 49 500 152 19 16 -1 -1 -1 -1 
407 33 606 206 31 45 -1 -1 -1 -1 
407 34 467 158 22 21 -1 -1 -1 -1 
407 40 510 162 20 22 -1 -1 -1 -1 
408 33 607 208 32 47 -1 -1 -1 -1 
408 34 469 158 21 20 -1 -1 -1 -1 
408 40 511 161 19 21 -1 -1 -1 -1 
409 33 608 212 31 46 -1 -1 -1 -1 
409 34 472 157 20 21 -1 -1 -1 -1 
409 40 512 161 19 20 -1 -1 -1 -1 
410 33 609 215 30 49 -1 -1 -1 -1 
410 34 474 156 19 21 -1 -1 -1 -1 
410 40 513 160 20 19 -1 -1 -1 -1 
411 33 611 217 28 56 -1 -1 -1 -1 
411 34 475 156 20 19 -1 -1 -1 -1 
411 40 515 160 19 18 -1 -1 -1 -1 
412 33 613 213 26 66 -1 -1 -1 -1 
412 34 477 155 20 19 -1 -1 -1 -1 
412 40 517 157 17 21 -1 -1 -1 -1 
412 49 507 146 16 16 -1 -1 -1 -1 
413 33 613 222 26 66 -1 -1 -1 -1 
413 34 479 154 18 18 -1 -1 -1 -1 
413 40 518 156 16 20 -1 -1 -1 -1 
413 49 507 147 16 15 -1 -1 -1 -1 
413 55 577 157 18 21 -1 -1 -1 -1 
414 33 615 233 24 64 -1 -1 -1 -1 
414 34 479 155 19 17 -1 -1 -1 -1 
414 40 519 157 16 18 -1 -1 -1 -1 
414 49 508 145 16 17 -1 -1 -1 -1 
414 55 577 158 19 21 -1 -1 -1 -1 
415 33 615 233 24 64 -1 -1 -1 -1 
415 34 481 154 19 17 -1 -1 -1 -1 
415 40 521 155 14 17 -1 -1 -1 -1 
415 49 509 145 16 17 -1 -1 -1 -1 
416 34 484 153 17 18 -1 -1 -1 -1 
416 40 521 152 15 18 -1 -1 -1 -1 
416 49 509 145 17 17 -1 -1 -1 -1 
416 55 577 159 21 23 -1 -1 -1 -1 
417 34 485 153 17 16 -1 -1 -1 -1 
417 40 523 152 14 18 -1 -1 -1 -1 
417 49 509 145 18 18 -1 -1 -1 -1 
417 55 578 159 21 24 -1 -1 -1 -1 
418 34 486 152 17 17 -1 -1 -1 -1 
418 40 523 151 14 18 -1 -1 -1 -1 
418 49 510 145 17 18 -1 -1 -1 -1 
418 55 578 160 21 25 -1 -1 -1 -1 
419 34 487 151 17 17 -1 -1 -1 -1 
419 40 524 151 14 17 -1 -1 -1 -1 
419 49 511 145 16 18 -1 -1 -1 -1 
419 55 578 163 21 25 -1 -1 -1 -1 
420 34 489 151 16 16 -1 -1 -1 -1 
420 40 525 151 14 16 -1 -1 -1 -1 
420 49 511 146 16 16 -1 -1 -1 -1 
420 55 578 163 21 26 -1 -1 -1 -1 
421 34 489 151 17 15 -1 -1 -1 -1 
421 40 525 150 15 16 -1 -1 -1 -1 
421 49 511 146 16 16 -1 -1 -1 -1 
422 34 491 150 15 15 -1 -1 -1 -1 
422 40 525 149 16 16 -1 -1 -1 -1 
422 49 513 145 15 16 -1 -1 -1 -1 
422 55 578 166 24 27 -1 -1 -1 -1 
423 34 493 150 17 14 -1 -1 -1 -1 
423 40 526 149 15 16 -1 -1 -1 -1 
424 34 494 150 18 14 -1 -1 -1 -1 
424 40 527 149 14 15 -1 -1 -1 -1 
425 34 495 150 18 14 -1 -1 -1 -1 
425 40 529 149 13 14 -1 -1 -1 -1 
425 55 579 167 26 32 -1 -1 -1 -1 
426 34 496 148 17 15 -1 -1 -1 -1 
426 40 530 150 12 12 -1 -1 -1 -1 
426 55 579 168 28 33 -1 -1 -1 -1 
427 34 497 148 16 15 -1 -1 -1 -1 
427 40 530 149 12 12 -1 -1 -1 -1 
427 55 579 168 28 35 -1 -1 -1 -1 
428 34 498 147 16 15 -1 -1 -1 -1 
428 40 530 149 12 12 -1 -1 -1 -1 
428 55 579 170 29 36 -1 -1 -1 -1 
429 34 498 147 16 15 -1 -1 -1 -1 
429 55 580 172 29 37 -1 -1 -1 -1 
429 57 0 349 134 127 -1 -1 -1 -1 
430 34 500 147 15 14 -1 -1 -1 -1 
430 55 580 174 31 40 -1 -1 -1 -1 
430 57 0 331 170 127 -1 -1 -1 -1 
431 34 501 147 15 14 -1 -1 -1 -1 
431 55 582 175 31 41 -1 -1 -1 -1 
431 57 30 312 176 118 -1 -1 -1 -1 
432 34 502 147 14 13 -1 -1 -1 -1 
432 55 582 180 32 41 -1 -1 -1 -1 
432 57 74 296 162 108 -1 -1 -1 -1 
433 34 503 146 14 14 -1 -1 -1 -1 
433 55 581 179 36 48 -1 -1 -1 -1 
433 57 113 286 148 94 -1 -1 -1 -1 
434 34 504 146 14 13 -1 -1 -1 -1 
434 55 582 182 37 47 -1 -1 -1 -1 
434 57 147 273 138 87 -1 -1 -1 -1 
435 34 505 145 13 14 -1 -1 -1 -1 
435 55 582 181 38 53 -1 -1 -1 -1 
435 57 179 261 126 82 -1 -1 -1 -1 
436 34 505 142 18 15 -1 -1 -1 -1 
436 55 583 184 39 54 -1 -1 -1 -1 
436 57 208 251 115 75 -1 -1 -1 -1 
437 34 506 142 19 14 -1 -1 -1 -1 
437 55 585 188 40 57 -1 -1 -1 -1 
437 57 231 243 107 69 -1 -1 -1 -1 
438 34 507 142 16 14 -1 -1 -1 -1 
438 55 587 192 41 59 -1 -1 -1 -1 
438 57 255 235 97 62 -1 -1 -1 -1 
439 34 509 142 15 14 -1 -1 -1 -1 
439 55 575 139 58 117 -1 -1 -1 -1 
439 57 274 225 91 62 -1 -1 -1 -1 
440 34 510 142 14 13 -1 -1 -1 -1 
440 55 591 193 43 69 -1 -1 -1 -1 
440 57 293 220 84 56 -1 -1 -1 -1 
441 34 510 141 14 14 -1 -1 -1 -1 
441 55 589 196 50 75 -1 -1 -1 -1 
441 57 310 216 76 53 -1 -1 -1 -1 
442 34 510 140 15 15 -1 -1 -1 -1 
442 55 571 136 68 144 -1 -1 -1 -1 
442 57 323 211 73 49 -1 -1 -1 -1 
443 34 511 139 15 15 -1 -1 -1 -1 
443 55 593 209 46 81 -1 -1 -1 -1 
443 57 337 206 66 46 -1 -1 -1 -1 
444 34 512 140 14 13 -1 -1 -1 -1 
444 55 594 219 45 84 -1 -1 -1 -1 
444 57 348 203 65 44 -1 -1 -1 -1 
445 34 512 139 15 14 -1 -1 -1 -1 
445 55 595 226 44 85 -1 -1 -1 -1 
445 57 359 199 60 43 -1 -1 -1 -1 
446 34 513 139 14 14 -1 -1 -1 -1 
446 55 598 233 41 91 -1 -1 -1 -1 
446 57 368 196 56 40 -1 -1 -1 -1 
447 34 513 139 14 13 -1 -1 -1 -1 
447 55 598 246 41 95 -1 -1 -1 -1 
447 57 379 193 51 38 -1 -1 -1 -1 
448 34 514 138 13 14 -1 -1 -1 -1 
448 55 601 258 38 101 -1 -1 -1 -1 
448 57 386 191 51 37 -1 -1 -1 -1 
449 34 514 139 13 12 -1 -1 -1 -1 
449 55 601 270 38 111 -1 -1 -1 -1 
449 57 393 188 49 35 -1 -1 -1 -1 
450 34 515 138 12 13 -1 -1 -1 -1 
450 55 601 270 38 111 -1 -1 -1 -1 
451 34 516 138 12 12 -1 -1 -1 -1 
451 57 407 185 44 32 -1 -1 -1 -1 
452 34 519 136 15 14 -1 -1 -1 -1 
452 57 413 182 39 30 -1 -1 -1 -1 
453 34 519 136 15 13 -1 -1 -1 -1 
453 57 418 180 36 28 -1 -1 -1 -1 
454 34 520 136 15 13 -1 -1 -1 -1 
454 57 424 179 36 27 -1 -1 -1 -1 
455 34 520 137 14 11 -1 -1 -1 -1 
455 57 428 176 34 27 -1 -1 -1 -1 
456 34 521 136 14 12 -1 -1 -1 -1 
456 57 431 175 35 26 -1 -1 -1 -1 
457 34 521 136 14 12 -1 -1 -1 -1 
457 40 576 147 10 11 -1 -1 -1 -1 
457 57 437 174 32 23 -1 -1 -1 -1 
458 34 521 136 12 12 -1 -1 -1 -1 
458 40 576 148 10 11 -1 -1 -1 -1 
458 57 441 171 32 25 -1 -1 -1 -1 
459 34 521 136 14 12 -1 -1 -1 -1 
459 40 576 148 11 11 -1 -1 -1 -1 
459 57 443 171 31 24 -1 -1 -1 -1 
460 34 522 135 11 12 -1 -1 -1 -1 
460 40 577 148 10 12 -1 -1 -1 -1 
460 57 448 169 29 24 -1 -1 -1 -1 
461 34 522 135 11 12 -1 -1 -1 -1 
461 40 577 149 10 12 -1 -1 -1 -1 
462 40 577 150 11 11 -1 -1 -1 -1 
462 57 454 166 28 24 -1 -1 -1 -1 
463 40 576 150 12 12 -1 -1 -1 -1 
463 57 456 165 28 22 -1 -1 -1 -1 
464 40 577 150 11 13 -1 -1 -1 -1 
464 57 459 164 27 21 -1 -1 -1 -1 
465 40 577 150 12 14 -1 -1 -1 -1 
465 57 462 163 26 21 -1 -1 -1 -1 
466 40 577 150 12 15 -1 -1 -1 -1 
466 57 466 162 24 21 -1 -1 -1 -1 
467 40 576 151 13 14 -1 -1 -1 -1 
467 57 465 161 26 20 -1 -1 -1 -1 
468 40 577 151 12 15 -1 -1 -1 -1 
468 57 469 160 23 19 -1 -1 -1 -1 
469 40 578 152 11 15 -1 -1 -1 -1 
469 57 472 160 21 18 -1 -1 -1 -1 
470 40 579 152 11 17 -1 -1 -1 -1 
470 57 473 159 21 18 -1 -1 -1 -1 
471 40 579 153 12 16 -1 -1 -1 -1 
471 57 475 158 22 18 -1 -1 -1 -1 
472 40 579 155 12 15 -1 -1 -1 -1 
472 57 477 157 21 17 -1 -1 -1 -1 
473 40 579 155 13 15 -1 -1 -1 -1 
473 57 478 157 21 17 -1 -1 -1 -1 
474 40 579 155 13 16 -1 -1 -1 -1 
474 57 479 156 22 16 -1 -1 -1 -1 
475 40 579 156 12 16 -1 -1 -1 -1 
475 57 483 154 19 17 -1 -1 -1 -1 
476 40 580 157 11 15 -1 -1 -1 -1 
476 57 485 153 18 17 -1 -1 -1 -1 
477 40 579 159 13 16 -1 -1 -1 -1 
477 57 486 153 17 17 -1 -1 -1 -1 
478 40 579 160 14 17 -1 -1 -1 -1 
478 57 487 152 17 17 -1 -1 -1 -1 
479 40 578 161 16 17 -1 -1 -1 -1 
479 57 488 152 17 16 -1 -1 -1 -1 
480 40 579 163 16 16 -1 -1 -1 -1 
480 57 489 151 17 15 -1 -1 -1 -1 
481 40 580 164 16 16 -1 -1 -1 -1 
481 57 491 151 16 14 -1 -1 -1 -1 
482 40 579 165 17 16 -1 -1 -1 -1 
482 57 493 151 15 12 -1 -1 -1 -1 
483 40 580 165 16 18 -1 -1 -1 -1 
483 57 493 150 16 13 -1 -1 -1 -1 
484 40 581 166 16 18 -1 -1 -1 -1 
484 57 494 151 16 12 -1 -1 -1 -1 
485 40 581 166 17 21 -1 -1 -1 -1 
485 57 496 149 16 14 -1 -1 -1 -1 
486 40 582 167 16 21 -1 -1 -1 -1 
486 57 496 148 16 14 -1 -1 -1 -1 
487 40 582 167 17 22 -1 -1 -1 -1 
487 57 497 148 16 14 -1 -1 -1 -1 
488 40 583 167 17 22 -1 -1 -1 -1 
488 57 498 148 15 13 -1 -1 -1 -1 
489 40 584 168 16 25 -1 -1 -1 -1 
489 57 498 148 16 13 -1 -1 -1 -1 
490 40 584 170 16 25 -1 -1 -1 -1 
490 57 500 148 15 12 -1 -1 -1 -1 
491 40 584 170 17 29 -1 -1 -1 -1 
491 57 500 147 15 13 -1 -1 -1 -1 
492 40 585 173 19 28 -1 -1 -1 -1 
492 57 500 147 15 13 -1 -1 -1 -1 
493 40 586 172 19 28 -1 -1 -1 -1 
494 40 585 178 21 24 -1 -1 -1 -1 
495 40 585 179 22 26 -1 -1 -1 -1 
496 40 586 179 22 29 -1 -1 -1 -1 
497 40 588 180 21 31 -1 -1 -1 -1 
498 40 589 180 21 33 -1 -1 -1 -1 
499 40 588 184 23 33 -1 -1 -1 -1 
500 40 589 185 25 37 -1 -1 -1 -1 
501 40 590 186 27 39 -1 -1 -1 -1 
502 40 590 190 29 39 -1 -1 -1 -1 
503 40 590 193 30 40 -1 -1 -1 -1 
504 40 592 195 31 42 -1 -1 -1 -1 
505 40 593 199 31 44 -1 -1 -1 -1 
506 40 595 200 31 48 -1 -1 -1 -1 
507 40 596 203 34 51 -1 -1 -1 -1 
509 40 598 214 39 52 -1 -1 -1 -1 
509 57 577 148 10 11 -1 -1 -1 -1 
510 40 600 216 39 58 -1 -1 -1 -1 
510 57 578 148 9 11 -1 -1 -1 -1 
511 40 600 220 39 64 -1 -1 -1 -1 
511 57 578 148 10 11 -1 -1 -1 -1 
512 40 602 225 37 68 -1 -1 -1 -1 
512 57 577 149 11 11 -1 -1 -1 -1 
513 40 605 231 34 74 -1 -1 -1 -1 
513 57 577 150 11 11 -1 -1 -1 -1 
514 40 607 239 32 75 -1 -1 -1 -1 
514 57 578 149 10 12 -1 -1 -1 -1 
515 40 609 245 30 81 -1 -1 -1 -1 
515 57 577 149 12 13 -1 -1 -1 -1 
516 40 611 254 28 86 -1 -1 -1 -1 
516 57 577 150 12 13 -1 -1 -1 -1 
517 40 611 254 28 86 -1 -1 -1 -1 
518 57 578 150 11 14 -1 -1 -1 -1 
519 57 577 151 12 14 -1 -1 -1 -1 
520 57 578 152 11 14 -1 -1 -1 -1 
521 57 578 152 11 14 -1 -1 -1 -1 
526 57 579 155 12 14 -1 -1 -1 -1 
527 57 579 155 12 14 -1 -1 -1 -1 
528 57 579 157 12 12 -1 -1 -1 -1 
529 57 579 158 12 12 -1 -1 -1 -1 
532 57 580 160 13 12 -1 -1 -1 -1 
533 57 580 161 13 13 -1 -1 -1 -1 
534 57 580 162 14 13 -1 -1 -1 -1 
535 57 580 162 14 13 -1 -1 -1 -1 
536 57 581 163 14 14 -1 -1 -1 -1 
537 57 580 164 15 14 -1 -1 -1 -1 
538 57 581 164 15 15 -1 -1 -1 -1 
539 57 582 166 14 14 -1 -1 -1 -1 
540 57 583 167 13 13 -1 -1 -1 -1 
541 57 583 167 13 13 -1 -1 -1 -1 
542 57 583 167 14 15 -1 -1 -1 -1 
543 57 583 168 15 15 -1 -1 -1 -1 
544 57 583 168 15 17 -1 -1 -1 -1 
545 57 583 169 15 18 -1 -1 -1 -1 
546 57 583 169 15 18 -1 -1 -1 -1 
547 57 583 169 16 19 -1 -1 -1 -1 
548 57 584 169 15 20 -1 -1 -1 -1 
549 57 584 171 16 20 -1 -1 -1 -1 
550 57 585 174 16 18 -1 -1 -1 -1 
551 57 585 174 16 18 -1 -1 -1 -1 
552 57 586 175 17 20 -1 -1 -1 -1 
553 57 586 174 18 22 -1 -1 -1 -1 
554 57 586 176 19 22 -1 -1 -1 -1 
555 57 586 178 19 22 -1 -1 -1 -1 
556 57 586 178 21 25 -1 -1 -1 -1 
557 57 586 179 22 25 -1 -1 -1 -1 
558 57 586 179 22 25 -1 -1 -1 -1 
559 57 588 179 20 27 -1 -1 -1 -1 
560 57 589 181 20 27 -1 -1 -1 -1 
561 57 589 183 21 27 -1 -1 -1 -1 
562 57 590 186 21 28 -1 -1 -1 -1 
563 57 590 186 21 28 -1 -1 -1 -1 
564 57 590 187 23 31 -1 -1 -1 -1 
565 57 590 189 26 32 -1 -1 -1 -1 
566 57 591 193 27 31 -1 -1 -1 -1 
567 57 592 195 28 33 -1 -1 -1 -1 
568 57 594 197 28 35 -1 -1 -1 -1 
569 57 595 199 28 36 -1 -1 -1 -1 
570 57 596 203 28 38 -1 -1 -1 -1 
571 57 596 203 28 38 -1 -1 -1 -1 
572 57 596 207 31 37 -1 -1 -1 -1 
572 64 597 205 30 39 -1 -1 -1 -1 
573 57 597 211 32 40 -1 -1 -1 -1 
573 64 597 209 32 42 -1 -1 -1 -1 
574 57 599 212 32 43 -1 -1 -1 -1 
575 57 599 212 32 43 -1 -1 -1 -1 
576 64 600 218 39 51 -1 -1 -1 -1 
577 64 602 221 37 58 -1 -1 -1 -1 
578 64 602 226 37 59 -1 -1 -1 -1 
579 64 605 233 34 62 -1 -1 -1 -1 
580 64 607 240 32 63 -1 -1 -1 -1 
581 64 610 243 29 71 -1 -1 -1 -1 
582 64 611 252 28 75 -1 -1 -1 -1 
696 64 611 252 28 75 -1 -1 -1 -1 
698 66 597 167 13 13 -1 -1 -1 -1 
699 66 597 167 13 14 -1 -1 -1 -1 
700 66 598 167 13 14 -1 -1 -1 -1 
714 66 601 174 14 14 -1 -1 -1 -1 
715 66 601 176 15 14 -1 -1 -1 -1 
716 66 601 176 15 14 -1 -1 -1 -1 
717 66 602 177 14 13 -1 -1 -1 -1 
718 66 603 177 14 14 -1 -1 -1 -1 
719 57 593 156 13 12 -1 -1 -1 -1 
719 66 603 177 15 14 -1 -1 -1 -1 
720 57 593 156 13 12 -1 -1 -1 -1 
721 66 603 177 16 15 -1 -1 -1 -1 
722 66 604 176 16 18 -1 -1 -1 -1 
723 66 605 176 16 18 -1 -1 -1 -1 
724 66 605 177 17 19 -1 -1 -1 -1 
725 66 606 177 16 20 -1 -1 -1 -1 
726 66 606 178 16 21 -1 -1 -1 -1 
727 66 606 179 17 20 -1 -1 -1 -1 
728 66 606 179 17 20 -1 -1 -1 -1 
729 66 607 182 17 18 -1 -1 -1 -1 
730 66 608 184 17 18 -1 -1 -1 -1 
731 66 608 187 17 15 -1 -1 -1 -1 
732 66 609 187 17 16 -1 -1 -1 -1 
733 66 609 186 18 18 -1 -1 -1 -1 
734 66 610 188 18 19 -1 -1 -1 -1 
735 66 611 191 19 17 -1 -1 -1 -1 
736 66 611 191 19 17 -1 -1 -1 -1 
737 66 612 192 19 17 -1 -1 -1 -1 
738 66 613 192 19 19 -1 -1 -1 -1 
739 66 614 193 19 20 -1 -1 -1 -1 
740 66 615 194 20 21 -1 -1 -1 -1 
741 66 616 195 20 22 -1 -1 -1 -1 
742 57 579 166 16 15 -1 -1 -1 -1 
742 66 617 194 20 24 -1 -1 -1 -1 
743 57 579 166 16 16 -1 -1 -1 -1 
743 66 617 198 21 23 -1 -1 -1 -1 
744 57 606 172 13 14 -1 -1 -1 -1 
744 66 618 197 21 27 -1 -1 -1 -1 
745 57 607 172 15 16 -1 -1 -1 -1 
745 66 619 199 20 26 -1 -1 -1 -1 
746 57 607 172 16 16 -1 -1 -1 -1 
746 66 620 201 19 25 -1 -1 -1 -1 
746 67 580 167 17 21 -1 -1 -1 -1 
747 57 608 174 15 15 -1 -1 -1 -1 
747 66 622 201 17 28 -1 -1 -1 -1 
747 67 581 169 16 20 -1 -1 -1 -1 
748 57 608 175 15 15 -1 -1 -1 -1 
748 66 622 202 17 28 -1 -1 -1 -1 
748 67 581 172 18 18 -1 -1 -1 -1 
749 57 607 176 16 15 -1 -1 -1 -1 
749 66 623 204 16 27 -1 -1 -1 -1 
749 67 582 173 18 19 -1 -1 -1 -1 
750 57 608 177 16 16 -1 -1 -1 -1 
750 66 623 204 16 29 -1 -1 -1 -1 
750 67 583 175 16 18 -1 -1 -1 -1 
751 57 608 177 17 17 -1 -1 -1 -1 
751 66 626 208 13 27 -1 -1 -1 -1 
751 67 583 175 17 21 -1 -1 -1 -1 
752 57 610 179 15 17 -1 -1 -1 -1 
752 66 627 207 12 30 -1 -1 -1 -1 
752 67 584 177 16 20 -1 -1 -1 -1 
753 57 610 179 16 19 -1 -1 -1 -1 
753 66 627 207 12 30 -1 -1 -1 -1 
754 57 610 179 16 19 -1 -1 -1 -1 
755 57 613 182 15 17 -1 -1 -1 -1 
755 67 585 181 20 23 -1 -1 -1 -1 
756 57 613 184 16 16 -1 -1 -1 -1 
756 67 585 184 21 23 -1 -1 -1 -1 
757 57 613 187 17 14 -1 -1 -1 -1 
757 67 584 185 23 25 -1 -1 -1 -1 
758 57 615 186 17 16 -1 -1 -1 -1 
758 67 584 187 24 25 -1 -1 -1 -1 
759 57 615 187 18 17 -1 -1 -1 -1 
759 67 586 186 24 30 -1 -1 -1 -1 
760 57 617 189 17 17 -1 -1 -1 -1 
760 67 588 190 24 30 -1 -1 -1 -1 
761 57 618 190 17 17 -1 -1 -1 -1 
761 67 589 193 26 30 -1 -1 -1 -1 
762 57 618 189 19 19 -1 -1 -1 -1 
762 67 589 196 26 33 -1 -1 -1 -1 
763 57 619 190 20 20 -1 -1 -1 -1 
764 57 619 191 20 22 -1 -1 -1 -1 
765 57 620 192 19 22 -1 -1 -1 -1 
766 57 622 192 17 25 -1 -1 -1 -1 
767 57 623 193 16 25 -1 -1 -1 -1 
768 57 623 195 16 24 -1 -1 -1 -1 
769 57 625 197 14 24 -1 -1 -1 -1 
769 69 595 217 40 56 -1 -1 -1 -1 
770 57 625 197 14 24 -1 -1 -1 -1 
770 66 596 167 12 11 -1 -1 -1 -1 
770 69 595 224 43 56 -1 -1 -1 -1 
771 57 626 198 13 27 -1 -1 -1 -1 
771 66 596 168 12 11 -1 -1 -1 -1 
771 69 596 230 43 60 -1 -1 -1 -1 
772 57 626 198 13 27 -1 -1 -1 -1 
772 66 597 169 11 11 -1 -1 -1 -1 
773 66 597 170 12 10 -1 -1 -1 -1 
773 69 600 238 39 63 -1 -1 -1 -1 
774 66 597 169 13 12 -1 -1 -1 -1 
775 66 597 170 13 12 -1 -1 -1 -1 
776 66 597 170 13 13 -1 -1 -1 -1 
777 66 598 170 13 14 -1 -1 -1 -1 
778 66 598 173 13 14 -1 -1 -1 -1 
779 66 599 174 14 13 -1 -1 -1 -1 
780 66 599 174 15 14 -1 -1 -1 -1 
781 66 600 177 14 12 -1 -1 -1 -1 
782 66 600 177 15 14 -1 -1 -1 -1 
783 66 600 178 16 14 -1 -1 -1 -1 
784 66 601 179 16 14 -1 -1 -1 -1 
785 66 602 179 17 16 -1 -1 -1 -1 
786 66 602 179 18 18 -1 -1 -1 -1 
787 66 604 179 16 20 -1 -1 -1 -1 
788 66 604 179 18 21 -1 -1 -1 -1 
789 57 606 187 16 15 -1 -1 -1 -1 
790 57 607 188 16 15 -1 -1 -1 -1 
791 57 607 187 18 17 -1 -1 -1 -1 
792 57 607 188 19 19 -1 -1 -1 -1 
793 57 607 189 20 20 -1 -1 -1 -1 
794 57 609 190 20 22 -1 -1 -1 -1 
795 57 610 192 20 22 -1 -1 -1 -1 
796 57 611 194 21 24 -1 -1 -1 -1 
797 57 612 195 21 24 -1 -1 -1 -1 
798 57 614 197 23 27 -1 -1 -1 -1 
799 57 614 199 25 28 -1 -1 -1 -1 
800 57 615 200 24 30 -1 -1 -1 -1 
801 57 617 201 22 31 -1 -1 -1 -1 
802 57 618 205 21 29 -1 -1 -1 -1 
803 57 619 207 20 31 -1 -1 -1 -1 
804 57 621 211 18 30 -1 -1 -1 -1 
805 57 623 212 16 33 -1 -1 -1 -1 
806 57 624 214 15 35 -1 -1 -1 -1 
807 57 626 218 13 36 -1 -1 -1 -1 
808 57 626 218 13 40 -1 -1 -1 -1 
