12 14 305 198 20 12 -1 -1 -1 -1 
13 14 305 198 20 12 -1 -1 -1 -1 
20 14 337 214 16 12 -1 -1 -1 -1 
21 14 337 214 16 12 -1 -1 -1 -1 
26 35 400 230 18 17 -1 -1 -1 -1 
26 39 352 194 28 42 -1 -1 -1 -1 
27 35 400 234 20 20 -1 -1 -1 -1 
27 39 347 197 33 44 -1 -1 -1 -1 
28 35 402 239 20 22 -1 -1 -1 -1 
28 39 344 197 35 48 -1 -1 -1 -1 
29 35 401 244 23 27 -1 -1 -1 -1 
29 39 341 200 38 49 -1 -1 -1 -1 
29 53 0 280 49 41 -1 -1 -1 -1 
30 14 298 197 18 14 -1 -1 -1 -1 
30 35 402 255 25 28 -1 -1 -1 -1 
30 39 333 202 42 54 -1 -1 -1 -1 
30 53 0 256 38 64 -1 -1 -1 -1 
31 14 287 201 18 15 -1 -1 -1 -1 
31 35 407 269 24 31 -1 -1 -1 -1 
31 39 327 204 45 59 -1 -1 -1 -1 
31 53 0 256 38 64 -1 -1 -1 -1 
32 14 274 205 20 17 -1 -1 -1 -1 
32 35 407 279 28 40 -1 -1 -1 -1 
32 39 324 204 47 68 -1 -1 -1 -1 
33 14 257 213 24 17 -1 -1 -1 -1 
33 35 407 279 28 40 -1 -1 -1 -1 
33 39 311 208 56 75 -1 -1 -1 -1 
34 14 257 213 24 17 -1 -1 -1 -1 
34 39 301 208 62 86 -1 -1 -1 -1 
35 39 289 210 74 101 -1 -1 -1 -1 
36 39 270 213 88 118 -1 -1 -1 -1 
37 39 243 216 111 149 -1 -1 -1 -1 
38 14 253 209 20 17 -1 -1 -1 -1 
38 39 211 222 135 180 -1 -1 -1 -1 
39 14 238 215 22 18 -1 -1 -1 -1 
39 39 151 229 186 239 -1 -1 -1 -1 
40 14 238 215 22 18 -1 -1 -1 -1 
41 39 37 235 285 242 -1 -1 -1 -1 
