4 2 366 175 66 69 -1 -1 -1 -1 
5 2 366 175 66 69 -1 -1 -1 -1 
6 2 377 169 62 69 -1 -1 -1 -1 
7 2 388 168 60 63 -1 -1 -1 -1 
8 2 398 166 55 61 -1 -1 -1 -1 
9 2 406 165 50 58 -1 -1 -1 -1 
10 2 413 156 53 63 -1 -1 -1 -1 
11 2 421 157 44 56 -1 -1 -1 -1 
12 2 426 158 42 48 -1 -1 -1 -1 
13 2 426 158 42 48 -1 -1 -1 -1 
14 2 433 158 38 47 -1 -1 -1 -1 
16 2 444 156 37 44 -1 -1 -1 -1 
17 2 444 156 37 44 -1 -1 -1 -1 
18 2 449 154 35 42 -1 -1 -1 -1 
19 2 451 150 34 45 -1 -1 -1 -1 
20 2 454 151 34 41 -1 -1 -1 -1 
21 2 460 149 30 41 -1 -1 -1 -1 
22 2 460 149 30 41 -1 -1 -1 -1 
23 2 462 147 29 41 -1 -1 -1 -1 
24 2 466 147 28 38 -1 -1 -1 -1 
25 2 469 146 28 37 -1 -1 -1 -1 
25 4 0 326 175 141 -1 -1 -1 -1 
26 2 471 146 28 35 -1 -1 -1 -1 
26 4 19 304 194 127 -1 -1 -1 -1 
27 2 471 146 28 35 -1 -1 -1 -1 
27 4 19 304 194 127 -1 -1 -1 -1 
28 2 471 146 28 35 -1 -1 -1 -1 
29 4 122 272 157 97 -1 -1 -1 -1 
30 4 166 258 140 89 -1 -1 -1 -1 
31 4 203 247 125 77 -1 -1 -1 -1 
31 5 480 144 24 29 -1 -1 -1 -1 
32 4 233 235 112 74 -1 -1 -1 -1 
32 5 482 141 23 31 -1 -1 -1 -1 
32 6 218 336 190 141 -1 -1 -1 -1 
33 4 283 217 92 62 -1 -1 -1 -1 
33 5 482 141 23 31 -1 -1 -1 -1 
34 4 305 213 82 57 -1 -1 -1 -1 
35 4 322 207 76 54 -1 -1 -1 -1 
35 8 376 247 97 85 -1 -1 -1 -1 
36 4 337 200 71 53 -1 -1 -1 -1 
36 8 397 236 85 75 -1 -1 -1 -1 
37 4 352 196 64 50 -1 -1 -1 -1 
37 8 414 224 76 72 -1 -1 -1 -1 
38 4 364 195 60 44 -1 -1 -1 -1 
38 8 429 214 65 62 -1 -1 -1 -1 
39 4 364 195 60 44 -1 -1 -1 -1 
39 8 429 214 65 62 -1 -1 -1 -1 
40 4 377 191 55 41 -1 -1 -1 -1 
40 8 440 210 58 59 -1 -1 -1 -1 
40 10 497 146 17 17 -1 -1 -1 -1 
41 4 385 187 53 41 -1 -1 -1 -1 
41 8 450 203 53 56 -1 -1 -1 -1 
42 4 394 184 50 37 -1 -1 -1 -1 
42 8 457 198 51 52 -1 -1 -1 -1 
42 10 500 145 16 17 -1 -1 -1 -1 
43 4 403 182 46 35 -1 -1 -1 -1 
43 8 465 192 44 51 -1 -1 -1 -1 
43 10 501 146 16 15 -1 -1 -1 -1 
44 4 409 178 45 36 -1 -1 -1 -1 
44 8 472 188 41 47 -1 -1 -1 -1 
45 4 416 176 42 32 -1 -1 -1 -1 
45 8 477 185 41 44 -1 -1 -1 -1 
46 4 423 174 39 30 -1 -1 -1 -1 
46 8 481 182 39 40 -1 -1 -1 -1 
47 4 428 172 37 29 -1 -1 -1 -1 
47 8 486 180 35 37 -1 -1 -1 -1 
48 4 433 172 35 26 -1 -1 -1 -1 
48 8 491 176 32 36 -1 -1 -1 -1 
49 4 439 169 32 27 -1 -1 -1 -1 
49 8 494 174 31 33 -1 -1 -1 -1 
50 4 439 169 32 27 -1 -1 -1 -1 
50 8 494 174 31 33 -1 -1 -1 -1 
51 4 443 167 32 26 -1 -1 -1 -1 
51 8 497 173 29 29 -1 -1 -1 -1 
52 4 447 166 31 26 -1 -1 -1 -1 
52 8 500 171 28 27 -1 -1 -1 -1 
53 4 451 164 29 25 -1 -1 -1 -1 
53 8 504 170 24 25 -1 -1 -1 -1 
54 4 454 163 29 24 -1 -1 -1 -1 
54 8 506 166 24 26 -1 -1 -1 -1 
55 4 457 163 28 22 -1 -1 -1 -1 
55 8 509 165 23 25 -1 -1 -1 -1 
55 10 512 138 14 14 -1 -1 -1 -1 
56 4 461 161 26 21 -1 -1 -1 -1 
56 8 510 163 23 23 -1 -1 -1 -1 
57 4 461 161 26 21 -1 -1 -1 -1 
57 8 510 163 23 23 -1 -1 -1 -1 
58 4 465 159 24 22 -1 -1 -1 -1 
58 8 511 162 23 23 -1 -1 -1 -1 
59 4 466 158 24 21 -1 -1 -1 -1 
59 8 513 161 22 21 -1 -1 -1 -1 
60 4 470 158 22 18 -1 -1 -1 -1 
60 8 516 160 20 20 -1 -1 -1 -1 
61 4 472 157 22 19 -1 -1 -1 -1 
61 8 517 158 19 21 -1 -1 -1 -1 
62 4 474 155 22 20 -1 -1 -1 -1 
62 8 519 157 19 20 -1 -1 -1 -1 
63 4 478 154 21 19 -1 -1 -1 -1 
63 8 522 156 18 17 -1 -1 -1 -1 
64 4 480 154 21 17 -1 -1 -1 -1 
64 8 523 154 18 17 -1 -1 -1 -1 
64 12 0 222 175 181 -1 -1 -1 -1 
64 13 607 157 32 52 -1 -1 -1 -1 
65 4 483 153 20 17 -1 -1 -1 -1 
65 8 523 154 19 16 -1 -1 -1 -1 
65 12 0 213 203 217 -1 -1 -1 -1 
65 13 609 156 30 55 -1 -1 -1 -1 
66 4 485 151 19 17 -1 -1 -1 -1 
66 8 525 152 18 17 -1 -1 -1 -1 
66 12 3 193 228 232 -1 -1 -1 -1 
66 13 609 156 30 58 -1 -1 -1 -1 
67 4 487 150 17 18 -1 -1 -1 -1 
67 8 526 150 17 17 -1 -1 -1 -1 
67 12 2 181 253 265 -1 -1 -1 -1 
67 13 609 154 30 59 -1 -1 -1 -1 
68 4 489 151 17 16 -1 -1 -1 -1 
68 8 527 149 17 17 -1 -1 -1 -1 
68 12 4 175 274 289 -1 -1 -1 -1 
68 13 609 154 30 60 -1 -1 -1 -1 
69 4 490 151 17 14 -1 -1 -1 -1 
69 8 528 149 17 16 -1 -1 -1 -1 
69 12 3 166 294 296 -1 -1 -1 -1 
69 13 611 157 28 61 -1 -1 -1 -1 
70 4 493 151 15 12 -1 -1 -1 -1 
70 8 529 149 17 15 -1 -1 -1 -1 
70 12 3 161 322 284 -1 -1 -1 -1 
70 13 612 158 27 61 -1 -1 -1 -1 
71 4 494 150 16 13 -1 -1 -1 -1 
71 8 531 148 15 15 -1 -1 -1 -1 
71 12 1 158 330 258 -1 -1 -1 -1 
71 13 612 157 27 63 -1 -1 -1 -1 
72 4 494 147 18 16 -1 -1 -1 -1 
72 8 532 147 14 14 -1 -1 -1 -1 
72 12 8 150 336 243 -1 -1 -1 -1 
72 13 613 158 26 63 -1 -1 -1 -1 
73 4 496 147 16 14 -1 -1 -1 -1 
73 8 532 147 16 13 -1 -1 -1 -1 
73 12 45 149 317 229 -1 -1 -1 -1 
73 13 615 161 24 61 -1 -1 -1 -1 
74 4 497 147 16 14 -1 -1 -1 -1 
74 8 533 147 15 13 -1 -1 -1 -1 
74 12 82 146 282 209 -1 -1 -1 -1 
74 13 616 164 23 60 -1 -1 -1 -1 
75 4 499 148 15 12 -1 -1 -1 -1 
75 8 533 146 15 13 -1 -1 -1 -1 
75 12 117 144 260 194 -1 -1 -1 -1 
75 13 617 164 22 61 -1 -1 -1 -1 
76 4 500 147 14 12 -1 -1 -1 -1 
76 8 534 146 14 12 -1 -1 -1 -1 
76 12 143 144 243 179 -1 -1 -1 -1 
76 13 617 164 22 61 -1 -1 -1 -1 
77 4 590 159 10 10 -1 -1 -1 -1 
77 8 501 148 14 11 -1 -1 -1 -1 
77 12 172 142 219 169 -1 -1 -1 -1 
78 4 591 159 10 11 -1 -1 -1 -1 
78 8 502 147 14 12 -1 -1 -1 -1 
78 12 197 143 202 155 -1 -1 -1 -1 
79 4 591 159 11 12 -1 -1 -1 -1 
79 8 504 147 13 11 -1 -1 -1 -1 
79 12 217 140 176 148 -1 -1 -1 -1 
80 4 591 159 11 12 -1 -1 -1 -1 
80 8 505 146 13 11 -1 -1 -1 -1 
81 8 505 146 13 11 -1 -1 -1 -1 
81 12 231 139 176 141 -1 -1 -1 -1 
82 8 505 146 13 11 -1 -1 -1 -1 
83 8 506 144 14 10 -1 -1 -1 -1 
83 12 273 137 147 130 -1 -1 -1 -1 
84 8 507 143 14 11 -1 -1 -1 -1 
84 12 287 137 138 123 -1 -1 -1 -1 
85 8 508 142 14 11 -1 -1 -1 -1 
85 12 301 136 127 117 -1 -1 -1 -1 
86 8 508 142 14 11 -1 -1 -1 -1 
87 12 325 136 105 107 -1 -1 -1 -1 
88 4 595 165 13 15 -1 -1 -1 -1 
88 12 335 136 100 101 -1 -1 -1 -1 
89 4 595 167 13 13 -1 -1 -1 -1 
89 12 346 136 94 96 -1 -1 -1 -1 
90 4 596 168 13 13 -1 -1 -1 -1 
90 8 513 140 13 11 -1 -1 -1 -1 
90 12 354 135 89 93 -1 -1 -1 -1 
91 4 596 169 13 12 -1 -1 -1 -1 
91 8 513 140 13 11 -1 -1 -1 -1 
92 4 596 168 14 14 -1 -1 -1 -1 
92 12 370 133 86 91 -1 -1 -1 -1 
93 4 596 168 14 16 -1 -1 -1 -1 
93 12 378 133 82 90 -1 -1 -1 -1 
94 4 596 168 14 17 -1 -1 -1 -1 
94 12 384 132 76 87 -1 -1 -1 -1 
95 4 597 169 14 16 -1 -1 -1 -1 
95 12 390 133 76 82 -1 -1 -1 -1 
96 4 597 170 15 17 -1 -1 -1 -1 
96 12 395 132 69 78 -1 -1 -1 -1 
97 4 597 171 16 17 -1 -1 -1 -1 
97 12 401 132 71 73 -1 -1 -1 -1 
98 4 598 173 17 16 -1 -1 -1 -1 
98 12 406 131 67 71 -1 -1 -1 -1 
99 4 598 175 17 16 -1 -1 -1 -1 
99 12 412 132 64 64 -1 -1 -1 -1 
100 4 599 175 17 17 -1 -1 -1 -1 
100 12 412 132 64 64 -1 -1 -1 -1 
101 4 600 177 17 16 -1 -1 -1 -1 
101 8 578 163 14 13 -1 -1 -1 -1 
101 12 419 130 61 67 -1 -1 -1 -1 
102 4 601 176 18 19 -1 -1 -1 -1 
102 8 578 162 15 15 -1 -1 -1 -1 
102 12 419 130 61 67 -1 -1 -1 -1 
103 4 602 177 17 20 -1 -1 -1 -1 
103 8 577 162 16 15 -1 -1 -1 -1 
103 12 426 131 60 62 -1 -1 -1 -1 
103 22 1 261 199 214 -1 -1 -1 -1 
104 4 602 178 18 21 -1 -1 -1 -1 
104 8 578 163 16 16 -1 -1 -1 -1 
104 12 433 131 51 62 -1 -1 -1 -1 
104 22 1 246 227 217 -1 -1 -1 -1 
105 4 603 179 18 20 -1 -1 -1 -1 
105 8 578 164 16 16 -1 -1 -1 -1 
105 12 437 132 50 59 -1 -1 -1 -1 
105 22 10 241 245 196 -1 -1 -1 -1 
106 4 604 178 18 23 -1 -1 -1 -1 
106 8 577 164 17 17 -1 -1 -1 -1 
106 12 438 130 52 56 -1 -1 -1 -1 
106 22 51 232 223 184 -1 -1 -1 -1 
107 4 605 178 18 25 -1 -1 -1 -1 
107 8 577 165 18 16 -1 -1 -1 -1 
107 12 442 130 49 56 -1 -1 -1 -1 
107 22 89 222 205 170 -1 -1 -1 -1 
108 4 606 180 18 23 -1 -1 -1 -1 
108 8 577 166 19 16 -1 -1 -1 -1 
108 12 442 130 49 56 -1 -1 -1 -1 
108 22 125 215 188 159 -1 -1 -1 -1 
109 4 606 181 20 25 -1 -1 -1 -1 
109 8 578 166 18 17 -1 -1 -1 -1 
109 12 446 131 50 51 -1 -1 -1 -1 
109 22 156 209 174 146 -1 -1 -1 -1 
109 23 226 175 15 25 -1 -1 -1 -1 
110 4 606 185 22 24 -1 -1 -1 -1 
110 8 579 167 18 18 -1 -1 -1 -1 
110 12 453 130 45 49 -1 -1 -1 -1 
110 22 211 197 145 127 -1 -1 -1 -1 
110 23 226 175 15 25 -1 -1 -1 -1 
111 4 606 187 24 24 -1 -1 -1 -1 
111 8 579 168 18 19 -1 -1 -1 -1 
111 12 456 130 44 48 -1 -1 -1 -1 
111 22 231 193 135 117 -1 -1 -1 -1 
111 23 226 175 15 26 -1 -1 -1 -1 
112 4 608 188 25 27 -1 -1 -1 -1 
112 8 577 170 20 17 -1 -1 -1 -1 
112 12 457 130 43 45 -1 -1 -1 -1 
113 4 609 190 24 28 -1 -1 -1 -1 
113 8 578 171 20 18 -1 -1 -1 -1 
113 12 457 130 45 44 -1 -1 -1 -1 
113 22 270 185 117 104 -1 -1 -1 -1 
114 4 609 191 26 29 -1 -1 -1 -1 
114 8 579 172 19 18 -1 -1 -1 -1 
114 12 461 130 43 45 -1 -1 -1 -1 
114 22 285 185 107 94 -1 -1 -1 -1 
115 4 611 191 26 31 -1 -1 -1 -1 
115 8 580 174 19 18 -1 -1 -1 -1 
115 12 465 129 40 48 -1 -1 -1 -1 
115 22 301 184 97 85 -1 -1 -1 -1 
116 4 612 195 27 30 -1 -1 -1 -1 
116 8 580 175 19 18 -1 -1 -1 -1 
116 12 466 129 40 47 -1 -1 -1 -1 
116 22 315 183 93 83 -1 -1 -1 -1 
117 4 614 196 25 34 -1 -1 -1 -1 
117 8 580 177 20 17 -1 -1 -1 -1 
117 12 469 129 37 46 -1 -1 -1 -1 
117 22 326 175 90 81 -1 -1 -1 -1 
118 4 615 198 24 34 -1 -1 -1 -1 
118 8 581 175 19 21 -1 -1 -1 -1 
118 12 469 131 37 42 -1 -1 -1 -1 
118 22 339 175 80 73 -1 -1 -1 -1 
119 4 617 200 22 33 -1 -1 -1 -1 
119 8 580 177 20 21 -1 -1 -1 -1 
119 12 470 130 37 43 -1 -1 -1 -1 
119 22 348 172 79 72 -1 -1 -1 -1 
120 4 619 201 20 36 -1 -1 -1 -1 
120 8 580 178 21 21 -1 -1 -1 -1 
120 12 473 129 36 42 -1 -1 -1 -1 
120 22 358 170 75 70 -1 -1 -1 -1 
121 4 621 204 18 36 -1 -1 -1 -1 
121 8 580 178 23 23 -1 -1 -1 -1 
121 12 474 130 35 41 -1 -1 -1 -1 
121 22 369 169 69 66 -1 -1 -1 -1 
122 4 622 207 17 36 -1 -1 -1 -1 
122 8 581 179 21 24 -1 -1 -1 -1 
122 12 476 131 34 39 -1 -1 -1 -1 
122 22 376 170 65 61 -1 -1 -1 -1 
123 4 622 208 17 39 -1 -1 -1 -1 
123 8 582 179 21 24 -1 -1 -1 -1 
123 12 477 130 33 40 -1 -1 -1 -1 
123 22 381 167 67 62 -1 -1 -1 -1 
124 4 623 209 16 42 -1 -1 -1 -1 
124 8 582 181 23 26 -1 -1 -1 -1 
124 12 480 130 32 38 -1 -1 -1 -1 
124 22 389 167 63 59 -1 -1 -1 -1 
125 4 623 209 16 42 -1 -1 -1 -1 
125 8 581 182 25 27 -1 -1 -1 -1 
125 12 482 130 31 38 -1 -1 -1 -1 
125 22 396 162 60 61 -1 -1 -1 -1 
126 8 581 182 25 27 -1 -1 -1 -1 
126 12 482 130 31 38 -1 -1 -1 -1 
126 22 396 162 60 61 -1 -1 -1 -1 
127 8 582 184 25 27 -1 -1 -1 -1 
127 12 483 129 31 36 -1 -1 -1 -1 
127 22 404 163 55 55 -1 -1 -1 -1 
128 8 582 185 25 28 -1 -1 -1 -1 
128 12 484 130 30 34 -1 -1 -1 -1 
128 22 407 160 55 55 -1 -1 -1 -1 
129 8 583 187 25 28 -1 -1 -1 -1 
129 12 485 129 30 35 -1 -1 -1 -1 
129 22 412 158 54 51 -1 -1 -1 -1 
130 8 583 188 25 30 -1 -1 -1 -1 
130 12 486 128 29 36 -1 -1 -1 -1 
130 22 420 159 49 46 -1 -1 -1 -1 
131 8 583 188 25 30 -1 -1 -1 -1 
131 12 486 128 29 36 -1 -1 -1 -1 
131 22 420 159 49 46 -1 -1 -1 -1 
132 8 583 190 27 31 -1 -1 -1 -1 
132 12 487 130 29 32 -1 -1 -1 -1 
132 22 422 160 47 44 -1 -1 -1 -1 
133 8 583 192 28 32 -1 -1 -1 -1 
133 12 490 130 28 32 -1 -1 -1 -1 
133 22 426 159 48 45 -1 -1 -1 -1 
134 8 583 192 28 32 -1 -1 -1 -1 
134 12 490 130 28 32 -1 -1 -1 -1 
134 22 426 159 48 45 -1 -1 -1 -1 
135 8 584 194 28 33 -1 -1 -1 -1 
135 12 490 130 28 32 -1 -1 -1 -1 
136 8 585 194 29 37 -1 -1 -1 -1 
136 22 434 158 47 41 -1 -1 -1 -1 
137 8 587 197 29 38 -1 -1 -1 -1 
137 22 438 157 45 40 -1 -1 -1 -1 
138 8 587 197 29 38 -1 -1 -1 -1 
138 22 438 157 45 40 -1 -1 -1 -1 
138 31 586 198 29 36 -1 -1 -1 -1 
139 8 586 199 33 38 -1 -1 -1 -1 
139 22 443 156 43 40 -1 -1 -1 -1 
140 8 586 199 33 38 -1 -1 -1 -1 
141 22 446 154 42 41 -1 -1 -1 -1 
142 22 449 154 39 39 -1 -1 -1 -1 
143 22 452 153 37 38 -1 -1 -1 -1 
144 8 588 211 37 46 -1 -1 -1 -1 
144 22 455 152 35 38 -1 -1 -1 -1 
145 8 588 211 37 46 -1 -1 -1 -1 
145 22 455 152 35 38 -1 -1 -1 -1 
146 8 589 214 39 49 -1 -1 -1 -1 
146 22 458 152 33 37 -1 -1 -1 -1 
147 8 591 216 39 52 -1 -1 -1 -1 
147 22 461 150 33 36 -1 -1 -1 -1 
148 8 591 216 39 52 -1 -1 -1 -1 
148 22 461 150 33 36 -1 -1 -1 -1 
149 8 591 219 42 56 -1 -1 -1 -1 
149 22 461 150 35 34 -1 -1 -1 -1 
150 8 592 224 43 58 -1 -1 -1 -1 
150 22 465 149 33 34 -1 -1 -1 -1 
151 8 592 230 47 60 -1 -1 -1 -1 
151 22 467 149 32 31 -1 -1 -1 -1 
152 8 592 230 47 60 -1 -1 -1 -1 
152 22 467 149 32 31 -1 -1 -1 -1 
153 8 592 230 47 60 -1 -1 -1 -1 
154 22 471 148 31 31 -1 -1 -1 -1 
155 22 471 148 31 31 -1 -1 -1 -1 
156 22 474 148 29 29 -1 -1 -1 -1 
157 22 475 148 30 29 -1 -1 -1 -1 
158 22 475 148 30 29 -1 -1 -1 -1 
159 22 477 147 29 29 -1 -1 -1 -1 
159 37 600 261 39 83 -1 -1 -1 -1 
160 22 478 147 29 28 -1 -1 -1 -1 
160 37 601 269 38 94 -1 -1 -1 -1 
161 22 480 146 27 28 -1 -1 -1 -1 
161 37 602 281 37 100 -1 -1 -1 -1 
162 22 482 146 26 28 -1 -1 -1 -1 
162 37 602 281 37 100 -1 -1 -1 -1 
163 22 482 146 26 28 -1 -1 -1 -1 
164 22 484 146 25 27 -1 -1 -1 -1 
164 38 128 371 234 107 -1 -1 -1 -1 
165 22 485 145 26 27 -1 -1 -1 -1 
165 38 183 345 201 134 -1 -1 -1 -1 
166 22 486 145 26 27 -1 -1 -1 -1 
166 38 230 322 173 143 -1 -1 -1 -1 
167 22 486 145 26 27 -1 -1 -1 -1 
167 38 230 322 173 143 -1 -1 -1 -1 
168 22 487 144 25 26 -1 -1 -1 -1 
168 38 270 302 153 120 -1 -1 -1 -1 
169 22 488 143 26 25 -1 -1 -1 -1 
169 38 303 283 132 107 -1 -1 -1 -1 
170 22 488 143 26 25 -1 -1 -1 -1 
170 38 303 283 132 107 -1 -1 -1 -1 
171 22 490 141 24 25 -1 -1 -1 -1 
171 38 330 269 117 96 -1 -1 -1 -1 
172 22 490 141 24 25 -1 -1 -1 -1 
173 38 353 257 105 87 -1 -1 -1 -1 
174 38 372 247 92 77 -1 -1 -1 -1 
175 8 581 150 14 19 -1 -1 -1 -1 
175 38 387 238 87 75 -1 -1 -1 -1 
176 8 581 150 14 19 -1 -1 -1 -1 
176 38 387 238 87 75 -1 -1 -1 -1 
177 8 581 150 14 19 -1 -1 -1 -1 
178 38 399 231 80 68 -1 -1 -1 -1 
179 38 412 224 71 63 -1 -1 -1 -1 
180 38 423 210 67 68 -1 -1 -1 -1 
181 38 423 210 67 68 -1 -1 -1 -1 
182 38 432 210 62 59 -1 -1 -1 -1 
183 38 432 210 62 59 -1 -1 -1 -1 
184 38 438 208 59 53 -1 -1 -1 -1 
185 8 583 163 15 15 -1 -1 -1 -1 
185 38 447 207 51 47 -1 -1 -1 -1 
186 8 583 163 15 15 -1 -1 -1 -1 
186 38 447 207 51 47 -1 -1 -1 -1 
187 8 584 165 15 14 -1 -1 -1 -1 
187 38 452 203 50 45 -1 -1 -1 -1 
187 40 48 389 231 87 -1 -1 -1 -1 
188 8 584 166 15 14 -1 -1 -1 -1 
188 38 458 198 48 43 -1 -1 -1 -1 
188 40 109 359 208 119 -1 -1 -1 -1 
189 8 584 166 15 14 -1 -1 -1 -1 
189 38 458 198 48 43 -1 -1 -1 -1 
189 40 109 359 208 119 -1 -1 -1 -1 
190 8 585 166 15 15 -1 -1 -1 -1 
190 38 464 196 43 39 -1 -1 -1 -1 
190 40 168 334 177 135 -1 -1 -1 -1 
190 41 1 297 84 145 -1 -1 -1 -1 
191 8 585 166 15 17 -1 -1 -1 -1 
191 38 469 192 39 38 -1 -1 -1 -1 
191 40 215 311 155 117 -1 -1 -1 -1 
191 41 1 273 119 176 -1 -1 -1 -1 
192 8 586 167 15 18 -1 -1 -1 -1 
192 38 472 187 39 39 -1 -1 -1 -1 
192 40 255 291 133 106 -1 -1 -1 -1 
192 41 0 265 151 181 -1 -1 -1 -1 
193 8 586 167 15 18 -1 -1 -1 -1 
193 38 472 187 39 39 -1 -1 -1 -1 
193 40 255 291 133 106 -1 -1 -1 -1 
193 41 0 265 151 181 -1 -1 -1 -1 
194 8 586 168 15 19 -1 -1 -1 -1 
194 38 476 186 40 36 -1 -1 -1 -1 
194 40 289 270 115 100 -1 -1 -1 -1 
194 41 2 248 179 184 -1 -1 -1 -1 
195 8 586 170 17 19 -1 -1 -1 -1 
195 38 479 184 37 34 -1 -1 -1 -1 
195 40 315 261 105 88 -1 -1 -1 -1 
195 41 2 237 203 175 -1 -1 -1 -1 
196 8 586 170 17 19 -1 -1 -1 -1 
196 38 479 184 37 34 -1 -1 -1 -1 
196 40 315 261 105 88 -1 -1 -1 -1 
196 41 2 237 203 175 -1 -1 -1 -1 
197 8 587 172 18 19 -1 -1 -1 -1 
197 38 482 182 36 32 -1 -1 -1 -1 
197 40 339 252 93 75 -1 -1 -1 -1 
197 41 32 228 197 169 -1 -1 -1 -1 
198 8 588 173 18 20 -1 -1 -1 -1 
198 38 486 180 33 31 -1 -1 -1 -1 
198 40 358 240 84 74 -1 -1 -1 -1 
198 41 68 221 184 165 -1 -1 -1 -1 
199 8 588 173 18 20 -1 -1 -1 -1 
199 38 486 180 33 31 -1 -1 -1 -1 
199 40 358 240 84 74 -1 -1 -1 -1 
199 41 68 221 184 165 -1 -1 -1 -1 
200 8 588 171 19 24 -1 -1 -1 -1 
200 38 489 177 31 31 -1 -1 -1 -1 
200 40 375 232 75 69 -1 -1 -1 -1 
200 41 101 216 167 153 -1 -1 -1 -1 
201 8 588 172 20 25 -1 -1 -1 -1 
201 38 492 176 30 28 -1 -1 -1 -1 
201 40 386 224 73 63 -1 -1 -1 -1 
202 8 589 173 20 27 -1 -1 -1 -1 
202 38 494 174 29 27 -1 -1 -1 -1 
202 40 400 220 66 59 -1 -1 -1 -1 
203 8 589 173 20 27 -1 -1 -1 -1 
203 38 494 174 29 27 -1 -1 -1 -1 
203 40 400 220 66 59 -1 -1 -1 -1 
204 8 589 175 23 30 -1 -1 -1 -1 
204 38 496 172 29 26 -1 -1 -1 -1 
204 40 411 214 61 55 -1 -1 -1 -1 
205 8 590 179 23 27 -1 -1 -1 -1 
205 38 498 171 27 26 -1 -1 -1 -1 
205 40 421 211 57 50 -1 -1 -1 -1 
206 8 590 179 23 27 -1 -1 -1 -1 
206 38 498 171 27 26 -1 -1 -1 -1 
206 40 421 211 57 50 -1 -1 -1 -1 
206 43 589 178 25 28 -1 -1 -1 -1 
207 8 590 179 23 27 -1 -1 -1 -1 
207 38 500 169 26 25 -1 -1 -1 -1 
207 40 429 205 52 49 -1 -1 -1 -1 
208 38 502 167 26 24 -1 -1 -1 -1 
208 40 435 201 51 47 -1 -1 -1 -1 
208 43 590 180 27 32 -1 -1 -1 -1 
209 38 504 165 24 25 -1 -1 -1 -1 
209 40 443 198 46 42 -1 -1 -1 -1 
209 43 592 182 27 34 -1 -1 -1 -1 
210 38 504 165 24 25 -1 -1 -1 -1 
210 40 443 198 46 42 -1 -1 -1 -1 
210 43 592 182 27 34 -1 -1 -1 -1 
211 38 506 165 24 23 -1 -1 -1 -1 
211 40 450 194 43 41 -1 -1 -1 -1 
211 43 593 183 28 39 -1 -1 -1 -1 
212 38 509 165 21 21 -1 -1 -1 -1 
212 40 455 193 40 36 -1 -1 -1 -1 
212 43 593 183 28 39 -1 -1 -1 -1 
213 38 510 162 21 23 -1 -1 -1 -1 
213 40 460 188 38 37 -1 -1 -1 -1 
213 47 217 354 163 123 -1 -1 -1 -1 
214 38 510 162 21 23 -1 -1 -1 -1 
214 40 460 188 38 37 -1 -1 -1 -1 
214 47 217 354 163 123 -1 -1 -1 -1 
214 48 297 178 85 89 -1 -1 -1 -1 
215 38 510 162 22 20 -1 -1 -1 -1 
215 40 464 185 37 36 -1 -1 -1 -1 
215 43 597 197 32 37 -1 -1 -1 -1 
215 47 257 330 144 113 -1 -1 -1 -1 
215 48 309 177 79 84 -1 -1 -1 -1 
216 38 511 161 21 20 -1 -1 -1 -1 
216 40 467 183 35 33 -1 -1 -1 -1 
216 43 598 200 34 37 -1 -1 -1 -1 
216 47 291 309 128 107 -1 -1 -1 -1 
216 48 321 175 73 78 -1 -1 -1 -1 
217 38 512 160 21 19 -1 -1 -1 -1 
217 40 472 181 31 32 -1 -1 -1 -1 
217 43 599 203 34 43 -1 -1 -1 -1 
217 47 319 290 113 94 -1 -1 -1 -1 
217 48 330 175 72 74 -1 -1 -1 -1 
218 38 512 160 21 19 -1 -1 -1 -1 
218 40 472 181 31 32 -1 -1 -1 -1 
218 43 599 203 34 43 -1 -1 -1 -1 
218 47 319 290 113 94 -1 -1 -1 -1 
218 48 330 175 72 74 -1 -1 -1 -1 
219 38 513 159 21 18 -1 -1 -1 -1 
219 40 476 179 29 31 -1 -1 -1 -1 
219 43 601 207 37 51 -1 -1 -1 -1 
219 47 345 276 101 85 -1 -1 -1 -1 
219 48 338 170 69 73 -1 -1 -1 -1 
220 38 516 159 19 19 -1 -1 -1 -1 
220 40 478 177 31 30 -1 -1 -1 -1 
220 43 601 207 37 51 -1 -1 -1 -1 
220 47 364 265 92 76 -1 -1 -1 -1 
221 8 578 156 11 13 -1 -1 -1 -1 
221 38 517 158 18 18 -1 -1 -1 -1 
221 40 481 175 29 28 -1 -1 -1 -1 
221 47 381 252 83 71 -1 -1 -1 -1 
221 48 355 170 63 67 -1 -1 -1 -1 
222 8 578 156 11 13 -1 -1 -1 -1 
222 38 518 156 17 18 -1 -1 -1 -1 
222 40 484 174 26 26 -1 -1 -1 -1 
222 47 396 245 76 64 -1 -1 -1 -1 
222 48 361 169 63 62 -1 -1 -1 -1 
223 38 520 155 17 17 -1 -1 -1 -1 
223 40 487 172 25 25 -1 -1 -1 -1 
223 47 408 236 70 60 -1 -1 -1 -1 
223 48 369 165 58 62 -1 -1 -1 -1 
224 38 521 155 16 17 -1 -1 -1 -1 
224 40 488 171 26 24 -1 -1 -1 -1 
224 47 419 231 63 53 -1 -1 -1 -1 
224 48 376 164 56 61 -1 -1 -1 -1 
225 38 521 154 16 17 -1 -1 -1 -1 
225 40 492 170 23 22 -1 -1 -1 -1 
225 47 428 224 61 49 -1 -1 -1 -1 
225 48 382 163 55 58 -1 -1 -1 -1 
225 55 0 341 132 130 -1 -1 -1 -1 
226 38 521 154 16 17 -1 -1 -1 -1 
226 40 492 170 23 22 -1 -1 -1 -1 
226 47 428 224 61 49 -1 -1 -1 -1 
226 48 382 163 55 58 -1 -1 -1 -1 
226 55 0 341 132 130 -1 -1 -1 -1 
227 38 521 153 17 17 -1 -1 -1 -1 
227 40 493 167 25 24 -1 -1 -1 -1 
227 47 437 219 54 48 -1 -1 -1 -1 
227 48 389 162 52 52 -1 -1 -1 -1 
227 55 0 324 161 122 -1 -1 -1 -1 
228 38 522 152 17 17 -1 -1 -1 -1 
228 40 495 167 23 22 -1 -1 -1 -1 
228 47 444 214 52 45 -1 -1 -1 -1 
228 48 394 159 51 51 -1 -1 -1 -1 
228 55 30 310 159 118 -1 -1 -1 -1 
229 38 522 152 17 17 -1 -1 -1 -1 
229 40 495 167 23 22 -1 -1 -1 -1 
229 47 444 214 52 45 -1 -1 -1 -1 
229 48 394 159 51 51 -1 -1 -1 -1 
229 55 30 310 159 118 -1 -1 -1 -1 
230 38 522 151 17 16 -1 -1 -1 -1 
230 40 498 165 21 22 -1 -1 -1 -1 
230 47 451 211 48 40 -1 -1 -1 -1 
230 48 399 158 49 52 -1 -1 -1 -1 
230 55 63 300 152 105 -1 -1 -1 -1 
231 38 523 151 17 16 -1 -1 -1 -1 
231 40 499 164 21 21 -1 -1 -1 -1 
231 47 456 207 44 38 -1 -1 -1 -1 
231 48 403 157 46 50 -1 -1 -1 -1 
231 55 96 291 143 97 -1 -1 -1 -1 
232 38 523 151 17 16 -1 -1 -1 -1 
232 40 499 164 21 21 -1 -1 -1 -1 
232 47 456 207 44 38 -1 -1 -1 -1 
232 48 403 157 46 50 -1 -1 -1 -1 
232 55 96 291 143 97 -1 -1 -1 -1 
232 57 129 385 219 93 -1 -1 -1 -1 
233 8 578 166 15 13 -1 -1 -1 -1 
233 38 524 151 16 14 -1 -1 -1 -1 
233 40 500 164 21 19 -1 -1 -1 -1 
233 47 462 202 41 37 -1 -1 -1 -1 
233 48 409 157 45 49 -1 -1 -1 -1 
233 55 125 279 134 92 -1 -1 -1 -1 
233 57 184 356 192 123 -1 -1 -1 -1 
234 8 578 167 17 14 -1 -1 -1 -1 
234 38 524 150 17 14 -1 -1 -1 -1 
234 40 502 163 19 18 -1 -1 -1 -1 
234 47 467 199 40 35 -1 -1 -1 -1 
234 48 413 156 43 47 -1 -1 -1 -1 
234 55 152 272 125 83 -1 -1 -1 -1 
234 57 232 334 164 136 -1 -1 -1 -1 
235 8 578 168 18 13 -1 -1 -1 -1 
235 38 524 150 17 14 -1 -1 -1 -1 
235 40 504 162 19 17 -1 -1 -1 -1 
235 47 471 196 38 33 -1 -1 -1 -1 
235 48 417 156 42 46 -1 -1 -1 -1 
235 55 179 261 114 81 -1 -1 -1 -1 
235 57 272 311 144 122 -1 -1 -1 -1 
236 8 579 168 17 15 -1 -1 -1 -1 
236 40 506 161 18 17 -1 -1 -1 -1 
236 47 475 193 36 31 -1 -1 -1 -1 
236 48 419 152 45 47 -1 -1 -1 -1 
236 55 201 255 106 74 -1 -1 -1 -1 
236 57 305 292 124 109 -1 -1 -1 -1 
237 8 579 170 16 14 -1 -1 -1 -1 
237 40 508 159 18 18 -1 -1 -1 -1 
237 47 478 189 37 30 -1 -1 -1 -1 
237 48 424 152 41 46 -1 -1 -1 -1 
237 55 222 247 99 68 -1 -1 -1 -1 
237 57 331 278 113 97 -1 -1 -1 -1 
237 58 607 177 15 14 -1 -1 -1 -1 
238 8 580 170 17 15 -1 -1 -1 -1 
238 40 508 158 19 17 -1 -1 -1 -1 
238 47 481 187 35 29 -1 -1 -1 -1 
238 48 426 153 41 43 -1 -1 -1 -1 
238 55 240 241 94 65 -1 -1 -1 -1 
238 57 354 266 101 87 -1 -1 -1 -1 
238 58 607 177 16 15 -1 -1 -1 -1 
238 59 226 175 15 26 -1 -1 -1 -1 
239 8 580 172 17 15 -1 -1 -1 -1 
239 38 528 146 16 15 -1 -1 -1 -1 
239 40 510 156 18 18 -1 -1 -1 -1 
239 47 484 185 33 28 -1 -1 -1 -1 
239 48 431 153 38 42 -1 -1 -1 -1 
239 55 257 235 88 61 -1 -1 -1 -1 
239 57 371 255 93 78 -1 -1 -1 -1 
239 58 608 177 17 17 -1 -1 -1 -1 
239 59 226 175 15 26 -1 -1 -1 -1 
240 8 581 173 17 17 -1 -1 -1 -1 
240 38 528 146 16 15 -1 -1 -1 -1 
240 40 511 156 17 17 -1 -1 -1 -1 
240 47 487 183 31 27 -1 -1 -1 -1 
240 48 434 152 37 43 -1 -1 -1 -1 
240 55 274 231 82 55 -1 -1 -1 -1 
240 57 388 246 84 72 -1 -1 -1 -1 
240 58 609 178 16 18 -1 -1 -1 -1 
241 8 581 173 17 17 -1 -1 -1 -1 
241 40 511 164 20 18 -1 -1 -1 -1 
241 47 487 183 31 27 -1 -1 -1 -1 
241 48 434 152 37 43 -1 -1 -1 -1 
241 55 274 231 82 55 -1 -1 -1 -1 
242 8 522 148 15 14 -1 -1 -1 -1 
242 40 512 164 20 17 -1 -1 -1 -1 
243 8 522 148 15 14 -1 -1 -1 -1 
243 40 512 164 20 17 -1 -1 -1 -1 
243 60 625 197 14 29 -1 -1 -1 -1 
243 61 589 196 23 29 -1 -1 -1 -1 
243 62 394 187 42 33 -1 -1 -1 -1 
243 63 481 187 34 33 -1 -1 -1 -1 
244 8 522 147 16 15 -1 -1 -1 -1 
244 40 512 163 21 16 -1 -1 -1 -1 
244 60 625 197 14 29 -1 -1 -1 -1 
244 61 590 198 24 31 -1 -1 -1 -1 
244 62 399 185 43 32 -1 -1 -1 -1 
245 8 522 147 16 15 -1 -1 -1 -1 
245 40 512 163 21 16 -1 -1 -1 -1 
245 61 590 198 24 31 -1 -1 -1 -1 
245 62 399 185 43 32 -1 -1 -1 -1 
245 63 484 184 34 33 -1 -1 -1 -1 
246 8 522 146 16 15 -1 -1 -1 -1 
246 40 513 163 21 14 -1 -1 -1 -1 
246 61 590 198 24 31 -1 -1 -1 -1 
246 62 404 182 41 31 -1 -1 -1 -1 
247 8 522 146 16 15 -1 -1 -1 -1 
247 38 517 157 18 19 -1 -1 -1 -1 
247 40 513 163 21 14 -1 -1 -1 -1 
247 61 590 206 30 33 -1 -1 -1 -1 
248 38 517 157 18 19 -1 -1 -1 -1 
248 61 590 206 30 33 -1 -1 -1 -1 
248 62 408 181 39 30 -1 -1 -1 -1 
248 63 491 180 27 29 -1 -1 -1 -1 
249 38 518 159 17 16 -1 -1 -1 -1 
249 61 590 206 30 33 -1 -1 -1 -1 
249 62 413 179 37 29 -1 -1 -1 -1 
250 38 518 159 17 16 -1 -1 -1 -1 
250 62 413 179 37 29 -1 -1 -1 -1 
250 63 494 178 25 29 -1 -1 -1 -1 
251 38 519 155 17 18 -1 -1 -1 -1 
251 62 417 179 36 26 -1 -1 -1 -1 
251 63 496 175 25 28 -1 -1 -1 -1 
252 38 519 156 17 16 -1 -1 -1 -1 
252 62 421 176 35 28 -1 -1 -1 -1 
252 63 498 173 25 28 -1 -1 -1 -1 
253 38 519 156 17 16 -1 -1 -1 -1 
253 62 421 176 35 28 -1 -1 -1 -1 
253 63 498 173 25 28 -1 -1 -1 -1 
254 38 519 156 17 16 -1 -1 -1 -1 
254 62 426 175 33 27 -1 -1 -1 -1 
254 63 499 172 29 26 -1 -1 -1 -1 
255 62 429 174 32 26 -1 -1 -1 -1 
255 63 501 171 24 25 -1 -1 -1 -1 
256 62 429 174 32 26 -1 -1 -1 -1 
256 63 501 171 24 25 -1 -1 -1 -1 
256 65 596 227 37 49 -1 -1 -1 -1 
257 62 432 173 32 25 -1 -1 -1 -1 
257 63 504 170 22 23 -1 -1 -1 -1 
257 65 598 233 41 51 -1 -1 -1 -1 
258 62 432 173 32 25 -1 -1 -1 -1 
258 63 504 170 22 23 -1 -1 -1 -1 
258 65 598 233 41 51 -1 -1 -1 -1 
259 62 437 172 29 24 -1 -1 -1 -1 
259 63 504 170 22 23 -1 -1 -1 -1 
260 38 507 166 23 24 -1 -1 -1 -1 
260 62 440 171 29 22 -1 -1 -1 -1 
260 65 601 248 38 58 -1 -1 -1 -1 
261 38 507 166 23 24 -1 -1 -1 -1 
261 62 440 171 29 22 -1 -1 -1 -1 
261 65 601 248 38 58 -1 -1 -1 -1 
262 38 508 164 24 25 -1 -1 -1 -1 
262 62 443 169 28 23 -1 -1 -1 -1 
262 65 603 257 36 64 -1 -1 -1 -1 
262 66 72 396 251 81 -1 -1 -1 -1 
263 38 509 163 23 23 -1 -1 -1 -1 
263 62 444 169 29 22 -1 -1 -1 -1 
263 65 603 257 36 64 -1 -1 -1 -1 
263 66 112 367 235 111 -1 -1 -1 -1 
264 38 509 163 23 23 -1 -1 -1 -1 
264 62 444 169 29 22 -1 -1 -1 -1 
264 66 112 367 235 111 -1 -1 -1 -1 
265 38 511 163 21 21 -1 -1 -1 -1 
265 62 448 168 27 21 -1 -1 -1 -1 
265 66 164 345 206 134 -1 -1 -1 -1 
266 38 512 162 22 21 -1 -1 -1 -1 
266 62 450 167 27 22 -1 -1 -1 -1 
266 66 207 325 184 150 -1 -1 -1 -1 
267 38 512 162 22 21 -1 -1 -1 -1 
267 62 450 167 27 22 -1 -1 -1 -1 
267 66 207 325 184 150 -1 -1 -1 -1 
268 38 512 161 22 21 -1 -1 -1 -1 
268 62 454 165 26 22 -1 -1 -1 -1 
268 66 247 306 160 132 -1 -1 -1 -1 
268 68 0 343 95 127 -1 -1 -1 -1 
269 38 514 160 21 20 -1 -1 -1 -1 
269 62 455 164 26 22 -1 -1 -1 -1 
269 66 277 292 145 118 -1 -1 -1 -1 
269 68 0 305 131 168 -1 -1 -1 -1 
270 38 514 160 21 20 -1 -1 -1 -1 
270 62 455 164 26 22 -1 -1 -1 -1 
270 66 277 292 145 118 -1 -1 -1 -1 
270 68 0 305 131 168 -1 -1 -1 -1 
271 38 516 159 18 19 -1 -1 -1 -1 
271 62 458 164 25 19 -1 -1 -1 -1 
271 66 304 270 128 112 -1 -1 -1 -1 
271 68 0 286 164 185 -1 -1 -1 -1 
272 38 516 159 18 19 -1 -1 -1 -1 
272 62 458 164 25 19 -1 -1 -1 -1 
272 66 304 270 128 112 -1 -1 -1 -1 
272 68 0 286 164 185 -1 -1 -1 -1 
273 38 518 159 19 19 -1 -1 -1 -1 
273 62 460 163 25 19 -1 -1 -1 -1 
273 66 326 261 119 103 -1 -1 -1 -1 
273 68 1 276 196 173 -1 -1 -1 -1 
274 38 518 157 19 19 -1 -1 -1 -1 
274 62 463 161 24 20 -1 -1 -1 -1 
274 66 350 251 102 93 -1 -1 -1 -1 
274 68 13 265 210 158 -1 -1 -1 -1 
275 38 518 157 19 19 -1 -1 -1 -1 
275 62 463 161 24 20 -1 -1 -1 -1 
275 66 350 251 102 93 -1 -1 -1 -1 
275 68 13 265 210 158 -1 -1 -1 -1 
276 38 519 157 18 18 -1 -1 -1 -1 
276 62 466 160 22 20 -1 -1 -1 -1 
276 66 365 247 98 80 -1 -1 -1 -1 
276 68 56 257 192 144 -1 -1 -1 -1 
277 38 520 155 19 18 -1 -1 -1 -1 
277 62 467 160 22 19 -1 -1 -1 -1 
277 66 378 236 88 80 -1 -1 -1 -1 
277 68 94 247 177 135 -1 -1 -1 -1 
278 38 520 155 19 18 -1 -1 -1 -1 
278 62 467 160 22 19 -1 -1 -1 -1 
278 66 378 236 88 80 -1 -1 -1 -1 
278 68 94 247 177 135 -1 -1 -1 -1 
279 38 521 154 18 18 -1 -1 -1 -1 
279 62 468 160 22 17 -1 -1 -1 -1 
279 66 391 231 82 75 -1 -1 -1 -1 
279 68 127 232 162 129 -1 -1 -1 -1 
280 38 522 154 17 16 -1 -1 -1 -1 
280 62 470 160 22 16 -1 -1 -1 -1 
280 66 402 223 76 73 -1 -1 -1 -1 
280 68 158 229 149 118 -1 -1 -1 -1 
281 38 522 154 17 16 -1 -1 -1 -1 
281 62 470 160 22 16 -1 -1 -1 -1 
281 66 402 223 76 73 -1 -1 -1 -1 
281 68 158 229 149 118 -1 -1 -1 -1 
281 71 401 223 77 72 -1 -1 -1 -1 
282 38 523 154 16 16 -1 -1 -1 -1 
282 62 473 159 20 17 -1 -1 -1 -1 
282 66 412 215 72 68 -1 -1 -1 -1 
282 68 186 223 138 108 -1 -1 -1 -1 
282 71 413 215 72 68 -1 -1 -1 -1 
283 38 523 154 16 16 -1 -1 -1 -1 
283 62 475 158 20 17 -1 -1 -1 -1 
283 66 421 214 67 61 -1 -1 -1 -1 
283 68 210 213 126 105 -1 -1 -1 -1 
283 71 421 213 67 62 -1 -1 -1 -1 
284 62 475 158 20 17 -1 -1 -1 -1 
284 66 421 214 67 61 -1 -1 -1 -1 
284 68 210 213 126 105 -1 -1 -1 -1 
284 71 421 213 67 62 -1 -1 -1 -1 
285 62 476 156 22 19 -1 -1 -1 -1 
285 66 429 211 64 57 -1 -1 -1 -1 
285 68 233 210 115 95 -1 -1 -1 -1 
285 71 421 213 67 62 -1 -1 -1 -1 
286 62 478 155 21 19 -1 -1 -1 -1 
286 66 435 208 62 52 -1 -1 -1 -1 
286 68 252 207 111 88 -1 -1 -1 -1 
287 62 478 155 21 19 -1 -1 -1 -1 
287 66 435 208 62 52 -1 -1 -1 -1 
287 68 252 207 111 88 -1 -1 -1 -1 
288 62 479 155 20 18 -1 -1 -1 -1 
288 66 441 203 58 49 -1 -1 -1 -1 
288 68 271 196 100 89 -1 -1 -1 -1 
289 62 480 154 21 17 -1 -1 -1 -1 
289 66 448 201 53 48 -1 -1 -1 -1 
289 68 285 196 94 82 -1 -1 -1 -1 
290 62 480 154 21 17 -1 -1 -1 -1 
290 66 448 201 53 48 -1 -1 -1 -1 
290 68 285 196 94 82 -1 -1 -1 -1 
291 62 482 154 20 16 -1 -1 -1 -1 
291 66 454 196 50 48 -1 -1 -1 -1 
291 68 301 191 88 81 -1 -1 -1 -1 
291 75 65 389 253 86 -1 -1 -1 -1 
292 62 484 153 19 17 -1 -1 -1 -1 
292 66 460 194 44 44 -1 -1 -1 -1 
292 68 314 192 82 71 -1 -1 -1 -1 
292 75 111 364 230 113 -1 -1 -1 -1 
293 62 484 153 19 17 -1 -1 -1 -1 
293 66 460 194 44 44 -1 -1 -1 -1 
293 68 314 192 82 71 -1 -1 -1 -1 
293 75 111 364 230 113 -1 -1 -1 -1 
294 62 485 151 19 18 -1 -1 -1 -1 
294 66 462 191 44 41 -1 -1 -1 -1 
294 68 327 188 76 70 -1 -1 -1 -1 
294 75 160 341 209 136 -1 -1 -1 -1 
295 62 486 151 19 18 -1 -1 -1 -1 
295 66 467 187 40 42 -1 -1 -1 -1 
295 68 337 188 74 64 -1 -1 -1 -1 
295 75 206 321 179 145 -1 -1 -1 -1 
296 62 486 151 19 18 -1 -1 -1 -1 
296 66 467 187 40 42 -1 -1 -1 -1 
296 68 337 188 74 64 -1 -1 -1 -1 
296 75 206 321 179 145 -1 -1 -1 -1 
297 62 488 151 17 18 -1 -1 -1 -1 
297 66 471 187 39 38 -1 -1 -1 -1 
297 68 346 181 72 67 -1 -1 -1 -1 
297 75 242 303 161 126 -1 -1 -1 -1 
298 62 489 150 17 18 -1 -1 -1 -1 
298 66 474 186 37 36 -1 -1 -1 -1 
298 68 357 178 66 64 -1 -1 -1 -1 
298 75 273 287 143 113 -1 -1 -1 -1 
299 62 489 150 17 18 -1 -1 -1 -1 
299 66 474 186 37 36 -1 -1 -1 -1 
299 68 357 178 66 64 -1 -1 -1 -1 
299 75 273 287 143 113 -1 -1 -1 -1 
300 62 490 152 16 14 -1 -1 -1 -1 
300 66 476 183 39 35 -1 -1 -1 -1 
300 68 366 178 64 62 -1 -1 -1 -1 
300 71 299 271 130 106 -1 -1 -1 -1 
300 75 301 271 127 107 -1 -1 -1 -1 
301 62 491 150 18 15 -1 -1 -1 -1 
301 66 479 181 37 35 -1 -1 -1 -1 
301 68 372 175 63 62 -1 -1 -1 -1 
301 71 299 271 130 106 -1 -1 -1 -1 
302 62 493 150 17 14 -1 -1 -1 -1 
302 66 483 180 34 32 -1 -1 -1 -1 
302 68 380 174 61 57 -1 -1 -1 -1 
302 75 344 254 106 86 -1 -1 -1 -1 
303 62 493 150 17 14 -1 -1 -1 -1 
303 66 483 180 34 32 -1 -1 -1 -1 
303 68 380 174 61 57 -1 -1 -1 -1 
303 75 344 254 106 86 -1 -1 -1 -1 
304 62 494 151 16 12 -1 -1 -1 -1 
304 66 486 175 32 33 -1 -1 -1 -1 
304 68 387 171 58 58 -1 -1 -1 -1 
304 75 362 245 96 81 -1 -1 -1 -1 
305 62 495 150 17 13 -1 -1 -1 -1 
305 66 489 175 31 32 -1 -1 -1 -1 
305 68 395 167 56 58 -1 -1 -1 -1 
305 75 375 236 89 78 -1 -1 -1 -1 
306 62 495 150 17 13 -1 -1 -1 -1 
306 66 489 175 31 32 -1 -1 -1 -1 
306 68 395 167 56 58 -1 -1 -1 -1 
306 75 375 236 89 78 -1 -1 -1 -1 
307 62 496 151 16 12 -1 -1 -1 -1 
307 66 491 174 28 28 -1 -1 -1 -1 
307 68 401 169 52 52 -1 -1 -1 -1 
307 75 389 230 81 74 -1 -1 -1 -1 
308 62 496 150 17 12 -1 -1 -1 -1 
308 66 493 172 29 27 -1 -1 -1 -1 
308 68 407 164 50 55 -1 -1 -1 -1 
308 75 399 225 76 67 -1 -1 -1 -1 
309 62 497 150 16 12 -1 -1 -1 -1 
309 66 494 171 28 27 -1 -1 -1 -1 
309 68 407 164 50 55 -1 -1 -1 -1 
310 62 497 150 16 12 -1 -1 -1 -1 
310 66 494 171 28 27 -1 -1 -1 -1 
310 75 409 221 71 61 -1 -1 -1 -1 
311 62 499 149 15 13 -1 -1 -1 -1 
311 66 497 171 27 25 -1 -1 -1 -1 
311 68 417 165 46 47 -1 -1 -1 -1 
311 75 418 215 68 60 -1 -1 -1 -1 
312 62 500 149 15 13 -1 -1 -1 -1 
312 66 498 170 25 24 -1 -1 -1 -1 
312 68 421 164 45 44 -1 -1 -1 -1 
312 75 426 211 63 57 -1 -1 -1 -1 
313 62 500 149 15 13 -1 -1 -1 -1 
313 66 498 170 25 24 -1 -1 -1 -1 
313 68 421 164 45 44 -1 -1 -1 -1 
313 75 426 211 63 57 -1 -1 -1 -1 
314 62 501 149 15 12 -1 -1 -1 -1 
314 66 499 169 26 23 -1 -1 -1 -1 
314 68 427 158 41 47 -1 -1 -1 -1 
314 75 432 206 62 53 -1 -1 -1 -1 
315 62 502 148 13 11 -1 -1 -1 -1 
315 66 501 168 24 22 -1 -1 -1 -1 
315 68 430 155 41 48 -1 -1 -1 -1 
315 75 440 201 59 53 -1 -1 -1 -1 
316 62 503 148 13 11 -1 -1 -1 -1 
316 66 504 167 23 22 -1 -1 -1 -1 
316 68 435 158 37 43 -1 -1 -1 -1 
316 75 445 199 53 49 -1 -1 -1 -1 
317 62 503 148 13 11 -1 -1 -1 -1 
317 66 504 167 23 22 -1 -1 -1 -1 
317 68 435 158 37 43 -1 -1 -1 -1 
317 75 445 199 53 49 -1 -1 -1 -1 
318 62 504 148 13 11 -1 -1 -1 -1 
318 66 505 165 23 23 -1 -1 -1 -1 
318 68 438 157 38 40 -1 -1 -1 -1 
318 75 452 197 49 47 -1 -1 -1 -1 
319 62 504 147 14 11 -1 -1 -1 -1 
319 66 506 163 23 22 -1 -1 -1 -1 
319 68 443 157 35 39 -1 -1 -1 -1 
319 75 457 193 46 45 -1 -1 -1 -1 
320 62 504 147 14 11 -1 -1 -1 -1 
320 66 506 163 23 22 -1 -1 -1 -1 
320 68 443 157 35 39 -1 -1 -1 -1 
320 75 457 193 46 45 -1 -1 -1 -1 
321 62 504 147 14 11 -1 -1 -1 -1 
321 66 508 162 21 21 -1 -1 -1 -1 
321 68 446 157 33 38 -1 -1 -1 -1 
322 66 509 162 21 19 -1 -1 -1 -1 
322 68 448 158 33 35 -1 -1 -1 -1 
322 75 465 191 40 39 -1 -1 -1 -1 
323 66 510 161 20 19 -1 -1 -1 -1 
323 68 448 158 33 35 -1 -1 -1 -1 
323 75 470 186 39 40 -1 -1 -1 -1 
324 66 510 161 20 19 -1 -1 -1 -1 
324 75 470 186 39 40 -1 -1 -1 -1 
325 62 508 146 16 10 -1 -1 -1 -1 
325 66 512 161 19 18 -1 -1 -1 -1 
325 75 473 186 36 37 -1 -1 -1 -1 
326 62 509 145 17 12 -1 -1 -1 -1 
326 66 512 161 20 16 -1 -1 -1 -1 
326 75 475 184 37 36 -1 -1 -1 -1 
327 62 509 145 17 12 -1 -1 -1 -1 
327 66 512 161 20 16 -1 -1 -1 -1 
327 75 475 184 37 36 -1 -1 -1 -1 
328 62 509 145 17 12 -1 -1 -1 -1 
328 66 513 160 20 17 -1 -1 -1 -1 
329 66 515 159 18 18 -1 -1 -1 -1 
329 68 462 152 28 33 -1 -1 -1 -1 
329 75 482 180 34 33 -1 -1 -1 -1 
330 66 515 158 20 17 -1 -1 -1 -1 
331 66 516 158 19 16 -1 -1 -1 -1 
331 68 466 153 27 30 -1 -1 -1 -1 
332 66 518 157 16 15 -1 -1 -1 -1 
332 68 466 153 27 30 -1 -1 -1 -1 
333 66 518 157 16 15 -1 -1 -1 -1 
333 82 491 174 28 30 -1 -1 -1 -1 
334 66 518 157 16 15 -1 -1 -1 -1 
335 82 494 172 27 27 -1 -1 -1 -1 
339 82 499 168 26 26 -1 -1 -1 -1 
340 82 499 168 26 26 -1 -1 -1 -1 
341 82 501 166 25 26 -1 -1 -1 -1 
342 82 503 166 23 23 -1 -1 -1 -1 
343 82 504 163 25 25 -1 -1 -1 -1 
344 82 505 162 27 25 -1 -1 -1 -1 
345 82 505 162 27 25 -1 -1 -1 -1 
346 82 506 161 26 24 -1 -1 -1 -1 
347 82 508 161 26 22 -1 -1 -1 -1 
349 82 510 160 23 21 -1 -1 -1 -1 
350 82 511 159 23 21 -1 -1 -1 -1 
351 82 511 159 23 21 -1 -1 -1 -1 
352 83 71 319 215 151 -1 -1 -1 -1 
353 83 126 300 189 129 -1 -1 -1 -1 
354 83 126 300 189 129 -1 -1 -1 -1 
355 83 173 281 167 116 -1 -1 -1 -1 
356 83 212 267 150 106 -1 -1 -1 -1 
357 83 248 254 133 97 -1 -1 -1 -1 
358 83 278 243 115 88 -1 -1 -1 -1 
359 83 302 233 104 84 -1 -1 -1 -1 
360 83 325 225 93 76 -1 -1 -1 -1 
361 83 343 217 85 74 -1 -1 -1 -1 
362 83 343 217 85 74 -1 -1 -1 -1 
363 75 358 213 80 63 -1 -1 -1 -1 
363 83 358 213 82 64 -1 -1 -1 -1 
364 75 373 208 74 62 -1 -1 -1 -1 
364 83 372 208 74 63 -1 -1 -1 -1 
365 66 523 150 19 16 -1 -1 -1 -1 
365 75 385 202 71 61 -1 -1 -1 -1 
366 66 524 150 18 15 -1 -1 -1 -1 
366 75 396 199 67 53 -1 -1 -1 -1 
367 66 524 150 18 15 -1 -1 -1 -1 
367 75 405 197 60 50 -1 -1 -1 -1 
368 75 414 193 55 48 -1 -1 -1 -1 
368 86 413 190 58 51 -1 -1 -1 -1 
369 75 423 188 54 47 -1 -1 -1 -1 
369 86 422 188 52 47 -1 -1 -1 -1 
370 75 423 188 54 47 -1 -1 -1 -1 
371 86 436 185 49 40 -1 -1 -1 -1 
372 66 529 148 15 13 -1 -1 -1 -1 
372 86 442 182 44 40 -1 -1 -1 -1 
373 66 529 148 15 13 -1 -1 -1 -1 
374 66 530 147 15 12 -1 -1 -1 -1 
374 86 452 177 41 37 -1 -1 -1 -1 
375 66 530 147 15 12 -1 -1 -1 -1 
376 86 461 173 37 33 -1 -1 -1 -1 
377 86 465 172 34 31 -1 -1 -1 -1 
378 86 465 172 34 31 -1 -1 -1 -1 
379 86 470 169 31 31 -1 -1 -1 -1 
380 86 472 168 31 29 -1 -1 -1 -1 
381 86 476 167 29 28 -1 -1 -1 -1 
382 86 479 167 29 27 -1 -1 -1 -1 
383 86 482 165 28 26 -1 -1 -1 -1 
384 86 485 163 27 26 -1 -1 -1 -1 
385 86 487 162 25 24 -1 -1 -1 -1 
386 86 488 161 27 24 -1 -1 -1 -1 
387 86 491 160 25 23 -1 -1 -1 -1 
388 86 493 159 23 22 -1 -1 -1 -1 
389 86 495 157 24 23 -1 -1 -1 -1 
390 86 498 157 21 22 -1 -1 -1 -1 
391 86 499 156 21 23 -1 -1 -1 -1 
392 86 500 155 21 21 -1 -1 -1 -1 
393 86 501 155 21 19 -1 -1 -1 -1 
394 86 504 154 20 19 -1 -1 -1 -1 
395 86 506 153 18 19 -1 -1 -1 -1 
396 86 507 152 18 18 -1 -1 -1 -1 
397 86 508 151 17 19 -1 -1 -1 -1 
398 86 510 151 16 19 -1 -1 -1 -1 
399 86 511 150 16 19 -1 -1 -1 -1 
400 86 511 149 18 18 -1 -1 -1 -1 
401 86 512 149 17 17 -1 -1 -1 -1 
402 86 513 149 17 16 -1 -1 -1 -1 
403 86 513 149 18 15 -1 -1 -1 -1 
404 86 514 148 18 15 -1 -1 -1 -1 
404 87 586 170 12 10 -1 -1 -1 -1 
405 86 516 148 17 15 -1 -1 -1 -1 
405 87 586 171 12 9 -1 -1 -1 -1 
406 86 517 147 17 15 -1 -1 -1 -1 
406 87 586 171 13 12 -1 -1 -1 -1 
407 86 518 147 16 14 -1 -1 -1 -1 
407 87 587 172 13 13 -1 -1 -1 -1 
408 86 519 147 16 13 -1 -1 -1 -1 
409 86 520 146 16 13 -1 -1 -1 -1 
409 87 588 176 15 14 -1 -1 -1 -1 
410 86 521 146 15 13 -1 -1 -1 -1 
411 86 521 145 16 13 -1 -1 -1 -1 
412 86 522 145 15 13 -1 -1 -1 -1 
412 87 591 179 17 20 -1 -1 -1 -1 
413 86 523 144 15 13 -1 -1 -1 -1 
413 87 591 185 17 17 -1 -1 -1 -1 
414 86 523 142 16 15 -1 -1 -1 -1 
414 87 593 187 17 18 -1 -1 -1 -1 
415 86 524 142 14 13 -1 -1 -1 -1 
415 87 593 189 19 21 -1 -1 -1 -1 
416 86 525 141 13 14 -1 -1 -1 -1 
418 86 525 141 13 14 -1 -1 -1 -1 
420 86 526 140 13 12 -1 -1 -1 -1 
420 88 600 205 28 31 -1 -1 -1 -1 
421 86 527 139 12 12 -1 -1 -1 -1 
536 86 527 139 12 12 -1 -1 -1 -1 
538 90 230 327 151 123 -1 -1 -1 -1 
539 90 275 301 130 105 -1 -1 -1 -1 
540 90 313 279 110 95 -1 -1 -1 -1 
541 90 313 279 110 95 -1 -1 -1 -1 
542 90 341 261 98 86 -1 -1 -1 -1 
543 90 368 252 83 73 -1 -1 -1 -1 
544 90 386 238 76 69 -1 -1 -1 -1 
545 90 401 228 70 62 -1 -1 -1 -1 
546 90 413 220 68 57 -1 -1 -1 -1 
547 90 427 212 58 54 -1 -1 -1 -1 
547 92 0 272 156 190 -1 -1 -1 -1 
548 90 435 210 55 46 -1 -1 -1 -1 
548 92 1 255 194 188 -1 -1 -1 -1 
549 90 444 205 49 42 -1 -1 -1 -1 
549 92 17 240 216 167 -1 -1 -1 -1 
550 90 454 201 42 39 -1 -1 -1 -1 
550 92 73 228 189 154 -1 -1 -1 -1 
551 90 462 198 37 34 -1 -1 -1 -1 
551 92 117 221 167 138 -1 -1 -1 -1 
551 95 226 175 15 25 -1 -1 -1 -1 
552 90 468 193 33 34 -1 -1 -1 -1 
552 92 156 211 152 129 -1 -1 -1 -1 
552 95 226 175 15 26 -1 -1 -1 -1 
553 90 472 187 32 34 -1 -1 -1 -1 
553 92 191 204 135 117 -1 -1 -1 -1 
553 95 227 174 14 29 -1 -1 -1 -1 
554 90 473 187 35 28 -1 -1 -1 -1 
554 92 221 194 124 113 -1 -1 -1 -1 
554 95 226 174 15 28 -1 -1 -1 -1 
555 90 479 183 31 29 -1 -1 -1 -1 
555 92 246 190 112 101 -1 -1 -1 -1 
555 95 226 174 15 27 -1 -1 -1 -1 
556 90 484 180 29 26 -1 -1 -1 -1 
556 92 269 190 99 87 -1 -1 -1 -1 
556 95 226 175 15 26 -1 -1 -1 -1 
557 90 487 178 27 24 -1 -1 -1 -1 
557 92 288 184 94 87 -1 -1 -1 -1 
557 95 226 175 15 26 -1 -1 -1 -1 
558 90 492 176 23 23 -1 -1 -1 -1 
558 92 307 179 85 83 -1 -1 -1 -1 
559 90 494 172 24 24 -1 -1 -1 -1 
559 92 322 178 77 74 -1 -1 -1 -1 
560 86 498 172 22 20 -1 -1 -1 -1 
560 90 494 172 24 24 -1 -1 -1 -1 
561 86 499 171 21 21 -1 -1 -1 -1 
561 92 349 172 68 68 -1 -1 -1 -1 
562 86 499 169 23 19 -1 -1 -1 -1 
562 92 360 170 65 64 -1 -1 -1 -1 
563 86 503 167 21 18 -1 -1 -1 -1 
563 92 370 169 61 59 -1 -1 -1 -1 
564 86 505 166 20 17 -1 -1 -1 -1 
564 92 379 166 58 58 -1 -1 -1 -1 
565 86 507 164 20 17 -1 -1 -1 -1 
565 92 388 167 55 54 -1 -1 -1 -1 
566 86 510 163 18 16 -1 -1 -1 -1 
566 92 396 164 51 53 -1 -1 -1 -1 
567 86 511 162 18 16 -1 -1 -1 -1 
567 92 403 161 48 52 -1 -1 -1 -1 
568 86 512 161 18 15 -1 -1 -1 -1 
568 92 410 158 45 51 -1 -1 -1 -1 
569 86 514 159 16 15 -1 -1 -1 -1 
569 92 414 157 48 48 -1 -1 -1 -1 
570 86 515 157 17 16 -1 -1 -1 -1 
570 92 422 157 43 44 -1 -1 -1 -1 
571 86 516 157 17 15 -1 -1 -1 -1 
571 92 427 156 41 43 -1 -1 -1 -1 
572 86 517 156 16 14 -1 -1 -1 -1 
572 92 432 156 37 42 -1 -1 -1 -1 
572 96 432 155 38 42 -1 -1 -1 -1 
573 86 519 156 15 13 -1 -1 -1 -1 
573 92 436 154 36 41 -1 -1 -1 -1 
573 96 436 155 36 39 -1 -1 -1 -1 
574 86 520 155 15 14 -1 -1 -1 -1 
574 92 441 155 33 39 -1 -1 -1 -1 
575 86 521 154 14 13 -1 -1 -1 -1 
575 92 445 155 35 37 -1 -1 -1 -1 
576 86 522 152 15 14 -1 -1 -1 -1 
576 92 449 153 32 37 -1 -1 -1 -1 
577 86 523 151 14 13 -1 -1 -1 -1 
577 92 449 149 34 39 -1 -1 -1 -1 
578 86 523 151 14 13 -1 -1 -1 -1 
579 92 458 150 29 34 -1 -1 -1 -1 
580 92 461 150 28 33 -1 -1 -1 -1 
581 92 464 149 28 31 -1 -1 -1 -1 
582 92 466 148 28 31 -1 -1 -1 -1 
583 92 469 147 26 30 -1 -1 -1 -1 
584 86 529 146 13 11 -1 -1 -1 -1 
584 92 471 146 28 30 -1 -1 -1 -1 
585 86 529 146 13 11 -1 -1 -1 -1 
586 86 576 148 10 11 -1 -1 -1 -1 
586 92 476 144 26 30 -1 -1 -1 -1 
587 86 576 148 10 11 -1 -1 -1 -1 
588 92 479 145 23 26 -1 -1 -1 -1 
589 86 576 151 12 10 -1 -1 -1 -1 
589 92 482 145 21 25 -1 -1 -1 -1 
590 86 576 151 12 12 -1 -1 -1 -1 
590 92 483 146 21 24 -1 -1 -1 -1 
591 86 577 152 11 11 -1 -1 -1 -1 
591 92 485 145 21 23 -1 -1 -1 -1 
592 86 576 154 12 12 -1 -1 -1 -1 
592 92 487 145 21 22 -1 -1 -1 -1 
593 86 576 155 12 12 -1 -1 -1 -1 
593 92 489 144 20 21 -1 -1 -1 -1 
594 86 576 155 12 12 -1 -1 -1 -1 
594 92 490 143 20 21 -1 -1 -1 -1 
595 86 577 155 11 13 -1 -1 -1 -1 
595 92 493 145 19 19 -1 -1 -1 -1 
596 86 578 156 11 14 -1 -1 -1 -1 
596 92 494 145 18 18 -1 -1 -1 -1 
597 86 578 157 11 13 -1 -1 -1 -1 
597 92 495 144 18 18 -1 -1 -1 -1 
598 86 578 157 12 14 -1 -1 -1 -1 
598 92 497 144 17 17 -1 -1 -1 -1 
599 86 579 159 11 13 -1 -1 -1 -1 
599 92 499 145 15 16 -1 -1 -1 -1 
600 86 578 161 13 12 -1 -1 -1 -1 
600 92 500 146 15 15 -1 -1 -1 -1 
601 86 578 162 15 13 -1 -1 -1 -1 
601 92 501 146 15 14 -1 -1 -1 -1 
602 86 578 163 15 14 -1 -1 -1 -1 
602 92 501 145 17 14 -1 -1 -1 -1 
603 86 578 163 15 15 -1 -1 -1 -1 
604 86 578 165 17 15 -1 -1 -1 -1 
605 86 578 166 18 15 -1 -1 -1 -1 
606 86 579 167 17 15 -1 -1 -1 -1 
606 92 506 142 15 15 -1 -1 -1 -1 
607 86 580 167 17 17 -1 -1 -1 -1 
607 92 507 142 15 14 -1 -1 -1 -1 
608 86 580 168 17 18 -1 -1 -1 -1 
608 92 508 139 16 16 -1 -1 -1 -1 
609 86 581 168 17 20 -1 -1 -1 -1 
609 92 509 138 16 17 -1 -1 -1 -1 
610 86 581 169 17 20 -1 -1 -1 -1 
610 92 510 139 16 16 -1 -1 -1 -1 
611 86 583 171 16 20 -1 -1 -1 -1 
611 92 510 137 17 16 -1 -1 -1 -1 
612 86 583 175 17 18 -1 -1 -1 -1 
612 92 511 137 16 16 -1 -1 -1 -1 
613 86 584 175 17 22 -1 -1 -1 -1 
613 92 512 137 15 15 -1 -1 -1 -1 
613 99 231 306 168 141 -1 -1 -1 -1 
614 86 584 175 20 25 -1 -1 -1 -1 
614 92 512 137 15 15 -1 -1 -1 -1 
615 86 584 180 21 22 -1 -1 -1 -1 
615 99 325 261 115 104 -1 -1 -1 -1 
616 86 584 180 22 23 -1 -1 -1 -1 
616 99 355 246 100 90 -1 -1 -1 -1 
617 86 584 182 23 25 -1 -1 -1 -1 
617 99 379 232 87 85 -1 -1 -1 -1 
618 86 585 183 24 27 -1 -1 -1 -1 
618 99 399 223 77 74 -1 -1 -1 -1 
619 86 586 185 23 29 -1 -1 -1 -1 
619 99 416 213 68 69 -1 -1 -1 -1 
620 86 588 187 23 30 -1 -1 -1 -1 
620 99 416 213 68 69 -1 -1 -1 -1 
621 86 589 189 23 33 -1 -1 -1 -1 
621 99 439 200 56 57 -1 -1 -1 -1 
622 86 589 194 29 34 -1 -1 -1 -1 
622 99 439 200 56 57 -1 -1 -1 -1 
623 86 590 196 30 37 -1 -1 -1 -1 
624 86 592 199 30 35 -1 -1 -1 -1 
624 101 466 186 40 45 -1 -1 -1 -1 
625 86 592 205 32 39 -1 -1 -1 -1 
625 92 520 129 12 17 -1 -1 -1 -1 
625 101 471 184 39 41 -1 -1 -1 -1 
626 86 594 210 32 40 -1 -1 -1 -1 
626 92 520 130 13 16 -1 -1 -1 -1 
626 101 475 180 38 40 -1 -1 -1 -1 
627 86 596 213 34 44 -1 -1 -1 -1 
627 92 520 130 13 16 -1 -1 -1 -1 
628 86 599 215 35 50 -1 -1 -1 -1 
628 101 485 174 31 35 -1 -1 -1 -1 
629 86 599 220 40 57 -1 -1 -1 -1 
629 101 490 172 28 31 -1 -1 -1 -1 
630 86 601 228 38 58 -1 -1 -1 -1 
630 101 493 170 29 29 -1 -1 -1 -1 
631 86 601 228 38 58 -1 -1 -1 -1 
632 101 498 165 26 28 -1 -1 -1 -1 
633 101 500 164 25 27 -1 -1 -1 -1 
634 101 503 162 24 26 -1 -1 -1 -1 
635 101 505 161 24 24 -1 -1 -1 -1 
636 101 509 160 21 22 -1 -1 -1 -1 
637 101 510 158 21 22 -1 -1 -1 -1 
638 101 511 157 20 21 -1 -1 -1 -1 
639 101 513 156 19 20 -1 -1 -1 -1 
640 101 516 154 17 21 -1 -1 -1 -1 
641 101 517 153 18 21 -1 -1 -1 -1 
642 101 518 152 17 19 -1 -1 -1 -1 
643 101 520 152 16 18 -1 -1 -1 -1 
644 101 521 150 16 18 -1 -1 -1 -1 
645 101 522 149 16 18 -1 -1 -1 -1 
646 101 523 149 16 17 -1 -1 -1 -1 
647 101 524 148 16 17 -1 -1 -1 -1 
705 92 597 166 13 14 -1 -1 -1 -1 
706 92 597 167 13 13 -1 -1 -1 -1 
707 92 597 168 13 13 -1 -1 -1 -1 
708 92 597 168 13 14 -1 -1 -1 -1 
709 92 597 168 13 14 -1 -1 -1 -1 
710 92 597 169 14 14 -1 -1 -1 -1 
711 92 597 169 15 14 -1 -1 -1 -1 
712 92 598 170 15 14 -1 -1 -1 -1 
713 92 598 171 16 13 -1 -1 -1 -1 
714 92 598 171 16 13 -1 -1 -1 -1 
715 92 598 172 17 13 -1 -1 -1 -1 
716 92 599 174 16 12 -1 -1 -1 -1 
717 92 600 174 16 13 -1 -1 -1 -1 
718 92 600 175 18 15 -1 -1 -1 -1 
719 92 602 176 16 15 -1 -1 -1 -1 
720 92 604 178 16 14 -1 -1 -1 -1 
721 92 604 178 16 15 -1 -1 -1 -1 
722 92 605 177 16 18 -1 -1 -1 -1 
723 92 606 178 15 18 -1 -1 -1 -1 
724 92 606 178 16 20 -1 -1 -1 -1 
725 92 606 178 16 20 -1 -1 -1 -1 
726 92 607 178 16 21 -1 -1 -1 -1 
727 92 607 184 18 17 -1 -1 -1 -1 
728 92 608 186 18 16 -1 -1 -1 -1 
729 92 609 185 19 20 -1 -1 -1 -1 
730 92 609 187 20 19 -1 -1 -1 -1 
731 92 611 189 20 19 -1 -1 -1 -1 
732 92 612 189 20 20 -1 -1 -1 -1 
733 92 613 189 20 23 -1 -1 -1 -1 
734 92 615 189 20 25 -1 -1 -1 -1 
735 92 617 191 21 25 -1 -1 -1 -1 
736 92 617 192 22 27 -1 -1 -1 -1 
737 92 617 195 22 28 -1 -1 -1 -1 
738 92 619 197 20 28 -1 -1 -1 -1 
739 92 620 198 19 28 -1 -1 -1 -1 
740 92 621 199 18 30 -1 -1 -1 -1 
741 92 623 201 16 29 -1 -1 -1 -1 
742 92 624 205 15 28 -1 -1 -1 -1 
743 92 627 207 12 29 -1 -1 -1 -1 
833 92 627 207 12 29 -1 -1 -1 -1 
835 104 134 391 204 86 -1 -1 -1 -1 
836 104 187 359 178 119 -1 -1 -1 -1 
837 104 236 334 155 129 -1 -1 -1 -1 
838 104 277 311 135 111 -1 -1 -1 -1 
839 104 311 291 116 98 -1 -1 -1 -1 
840 104 338 275 103 90 -1 -1 -1 -1 
841 104 360 263 93 80 -1 -1 -1 -1 
842 104 379 253 83 69 -1 -1 -1 -1 
843 104 394 243 76 63 -1 -1 -1 -1 
843 107 0 252 192 227 -1 -1 -1 -1 
844 104 408 234 69 59 -1 -1 -1 -1 
844 107 3 234 227 228 -1 -1 -1 -1 
845 104 420 227 63 54 -1 -1 -1 -1 
845 107 3 219 260 212 -1 -1 -1 -1 
846 104 430 222 57 49 -1 -1 -1 -1 
846 107 14 211 278 186 -1 -1 -1 -1 
847 104 437 214 56 48 -1 -1 -1 -1 
847 107 82 202 232 167 -1 -1 -1 -1 
848 104 445 211 50 43 -1 -1 -1 -1 
848 107 131 199 205 147 -1 -1 -1 -1 
849 104 445 211 50 43 -1 -1 -1 -1 
849 107 172 189 182 134 -1 -1 -1 -1 
850 107 213 194 153 112 -1 -1 -1 -1 
851 107 243 187 139 104 -1 -1 -1 -1 
851 109 226 175 15 26 -1 -1 -1 -1 
851 110 465 199 39 35 -1 -1 -1 -1 
852 107 267 178 127 100 -1 -1 -1 -1 
852 109 226 175 15 26 -1 -1 -1 -1 
853 107 289 186 112 79 -1 -1 -1 -1 
853 109 226 175 15 25 -1 -1 -1 -1 
853 110 473 191 34 34 -1 -1 -1 -1 
854 107 315 187 96 71 -1 -1 -1 -1 
854 109 226 175 15 25 -1 -1 -1 -1 
854 110 477 188 33 32 -1 -1 -1 -1 
855 107 328 168 92 77 -1 -1 -1 -1 
855 109 226 175 15 25 -1 -1 -1 -1 
855 110 480 187 33 28 -1 -1 -1 -1 
856 107 342 165 86 78 -1 -1 -1 -1 
856 110 484 184 30 27 -1 -1 -1 -1 
857 107 356 163 78 72 -1 -1 -1 -1 
857 110 487 182 27 26 -1 -1 -1 -1 
858 107 366 163 75 67 -1 -1 -1 -1 
858 110 492 178 25 25 -1 -1 -1 -1 
859 107 378 158 69 69 -1 -1 -1 -1 
859 110 493 176 27 25 -1 -1 -1 -1 
860 107 387 157 65 66 -1 -1 -1 -1 
860 110 496 174 25 23 -1 -1 -1 -1 
861 107 396 158 63 62 -1 -1 -1 -1 
861 110 498 172 24 23 -1 -1 -1 -1 
862 107 403 153 60 64 -1 -1 -1 -1 
862 110 499 172 23 21 -1 -1 -1 -1 
863 107 411 154 54 55 -1 -1 -1 -1 
863 110 501 171 23 19 -1 -1 -1 -1 
864 107 419 153 49 52 -1 -1 -1 -1 
864 110 505 169 20 20 -1 -1 -1 -1 
865 107 425 152 47 50 -1 -1 -1 -1 
865 110 506 166 20 20 -1 -1 -1 -1 
866 107 430 150 46 50 -1 -1 -1 -1 
866 110 509 164 19 21 -1 -1 -1 -1 
867 107 435 149 44 49 -1 -1 -1 -1 
867 110 511 163 18 19 -1 -1 -1 -1 
868 107 440 147 41 49 -1 -1 -1 -1 
868 110 511 162 19 19 -1 -1 -1 -1 
868 114 147 346 193 133 -1 -1 -1 -1 
869 107 446 147 39 47 -1 -1 -1 -1 
869 110 512 162 19 17 -1 -1 -1 -1 
869 114 201 321 166 129 -1 -1 -1 -1 
870 107 448 145 39 48 -1 -1 -1 -1 
870 110 514 160 17 17 -1 -1 -1 -1 
870 114 243 300 145 111 -1 -1 -1 -1 
871 107 452 144 37 47 -1 -1 -1 -1 
871 110 514 160 18 16 -1 -1 -1 -1 
871 114 278 281 127 102 -1 -1 -1 -1 
872 107 457 144 33 43 -1 -1 -1 -1 
872 110 516 159 19 17 -1 -1 -1 -1 
872 114 308 265 112 95 -1 -1 -1 -1 
873 107 460 145 32 40 -1 -1 -1 -1 
873 110 517 158 17 16 -1 -1 -1 -1 
873 114 333 255 100 84 -1 -1 -1 -1 
874 107 460 145 32 40 -1 -1 -1 -1 
874 110 517 158 17 16 -1 -1 -1 -1 
876 115 498 166 26 22 -1 -1 -1 -1 
877 115 502 165 23 21 -1 -1 -1 -1 
877 117 443 185 42 39 -1 -1 -1 -1 
878 115 503 163 23 22 -1 -1 -1 -1 
878 117 447 182 39 38 -1 -1 -1 -1 
879 115 504 162 23 21 -1 -1 -1 -1 
879 117 452 180 36 35 -1 -1 -1 -1 
880 115 506 161 23 20 -1 -1 -1 -1 
880 117 455 177 35 33 -1 -1 -1 -1 
881 115 508 160 21 20 -1 -1 -1 -1 
881 117 459 177 31 30 -1 -1 -1 -1 
882 115 509 159 21 20 -1 -1 -1 -1 
882 117 461 174 33 30 -1 -1 -1 -1 
883 115 510 159 21 19 -1 -1 -1 -1 
883 117 464 173 31 29 -1 -1 -1 -1 
884 115 511 159 20 17 -1 -1 -1 -1 
884 117 467 172 29 26 -1 -1 -1 -1 
885 115 511 157 21 19 -1 -1 -1 -1 
885 117 470 170 28 26 -1 -1 -1 -1 
886 115 511 157 22 18 -1 -1 -1 -1 
886 117 472 167 28 26 -1 -1 -1 -1 
887 115 514 156 20 17 -1 -1 -1 -1 
887 117 476 168 26 25 -1 -1 -1 -1 
888 115 515 156 19 15 -1 -1 -1 -1 
888 117 476 165 28 24 -1 -1 -1 -1 
889 115 517 155 18 15 -1 -1 -1 -1 
889 117 481 164 23 23 -1 -1 -1 -1 
890 115 517 155 18 14 -1 -1 -1 -1 
890 117 481 162 24 23 -1 -1 -1 -1 
890 118 157 343 194 134 -1 -1 -1 -1 
891 115 518 154 17 15 -1 -1 -1 -1 
891 117 484 161 22 21 -1 -1 -1 -1 
891 118 206 322 168 133 -1 -1 -1 -1 
892 115 519 153 16 15 -1 -1 -1 -1 
892 117 486 159 22 22 -1 -1 -1 -1 
892 118 246 303 147 115 -1 -1 -1 -1 
893 115 520 152 16 15 -1 -1 -1 -1 
893 117 489 158 20 21 -1 -1 -1 -1 
893 118 278 285 131 107 -1 -1 -1 -1 
893 119 1 230 115 184 -1 -1 -1 -1 
894 115 520 152 17 13 -1 -1 -1 -1 
894 117 488 157 22 22 -1 -1 -1 -1 
894 118 307 265 114 107 -1 -1 -1 -1 
894 119 0 213 147 236 -1 -1 -1 -1 
895 115 521 152 17 13 -1 -1 -1 -1 
895 117 490 156 20 20 -1 -1 -1 -1 
895 118 328 258 106 90 -1 -1 -1 -1 
895 119 2 205 172 235 -1 -1 -1 -1 
896 115 522 151 16 14 -1 -1 -1 -1 
896 117 491 156 21 18 -1 -1 -1 -1 
896 118 350 250 94 82 -1 -1 -1 -1 
896 119 2 198 199 223 -1 -1 -1 -1 
897 115 523 150 15 14 -1 -1 -1 -1 
897 117 493 155 21 19 -1 -1 -1 -1 
897 118 368 241 84 76 -1 -1 -1 -1 
897 119 0 193 223 223 -1 -1 -1 -1 
898 115 524 149 15 14 -1 -1 -1 -1 
898 117 495 153 20 19 -1 -1 -1 -1 
898 118 383 232 77 71 -1 -1 -1 -1 
898 119 1 187 245 207 -1 -1 -1 -1 
899 115 524 148 15 14 -1 -1 -1 -1 
899 117 497 153 18 17 -1 -1 -1 -1 
899 118 395 225 72 66 -1 -1 -1 -1 
899 119 19 180 244 196 -1 -1 -1 -1 
900 115 525 148 14 14 -1 -1 -1 -1 
900 117 498 153 18 17 -1 -1 -1 -1 
900 118 406 221 66 59 -1 -1 -1 -1 
900 119 55 175 223 185 -1 -1 -1 -1 
901 115 525 147 15 13 -1 -1 -1 -1 
901 117 500 152 17 17 -1 -1 -1 -1 
901 118 415 215 62 55 -1 -1 -1 -1 
901 119 88 170 208 175 -1 -1 -1 -1 
902 115 526 147 14 12 -1 -1 -1 -1 
902 117 500 151 18 16 -1 -1 -1 -1 
902 118 422 209 60 53 -1 -1 -1 -1 
902 119 118 167 193 164 -1 -1 -1 -1 
903 115 528 146 14 13 -1 -1 -1 -1 
903 117 502 150 17 16 -1 -1 -1 -1 
903 118 430 206 56 47 -1 -1 -1 -1 
903 119 146 166 175 153 -1 -1 -1 -1 
904 115 528 146 14 13 -1 -1 -1 -1 
904 117 504 151 15 13 -1 -1 -1 -1 
904 118 436 202 53 46 -1 -1 -1 -1 
905 115 529 145 13 13 -1 -1 -1 -1 
905 117 504 151 16 12 -1 -1 -1 -1 
905 118 444 199 48 43 -1 -1 -1 -1 
905 119 195 160 149 134 -1 -1 -1 -1 
906 115 529 145 13 13 -1 -1 -1 -1 
906 117 505 150 17 12 -1 -1 -1 -1 
906 118 450 196 46 40 -1 -1 -1 -1 
907 115 506 147 18 15 -1 -1 -1 -1 
907 117 505 150 17 12 -1 -1 -1 -1 
907 118 455 193 44 37 -1 -1 -1 -1 
908 115 507 147 18 15 -1 -1 -1 -1 
908 118 459 189 42 37 -1 -1 -1 -1 
908 119 249 155 123 113 -1 -1 -1 -1 
909 115 508 147 17 14 -1 -1 -1 -1 
909 118 464 186 38 36 -1 -1 -1 -1 
909 119 267 155 113 107 -1 -1 -1 -1 
910 115 510 147 15 13 -1 -1 -1 -1 
910 118 468 184 37 33 -1 -1 -1 -1 
910 119 280 152 107 102 -1 -1 -1 -1 
911 115 510 147 17 12 -1 -1 -1 -1 
911 118 472 181 35 32 -1 -1 -1 -1 
911 119 294 152 102 98 -1 -1 -1 -1 
912 115 511 146 16 13 -1 -1 -1 -1 
912 118 474 180 35 30 -1 -1 -1 -1 
912 119 306 151 94 94 -1 -1 -1 -1 
913 115 512 147 14 12 -1 -1 -1 -1 
913 118 477 178 32 29 -1 -1 -1 -1 
913 119 316 151 90 90 -1 -1 -1 -1 
913 122 0 352 169 126 -1 -1 -1 -1 
914 115 513 146 14 13 -1 -1 -1 -1 
914 118 481 176 31 28 -1 -1 -1 -1 
914 119 326 152 88 87 -1 -1 -1 -1 
914 122 0 334 206 142 -1 -1 -1 -1 
915 115 514 146 13 12 -1 -1 -1 -1 
915 118 483 176 29 25 -1 -1 -1 -1 
915 119 335 151 83 81 -1 -1 -1 -1 
915 122 49 319 188 123 -1 -1 -1 -1 
916 115 515 146 13 11 -1 -1 -1 -1 
916 118 485 173 29 26 -1 -1 -1 -1 
916 119 347 148 76 79 -1 -1 -1 -1 
916 122 91 304 174 114 -1 -1 -1 -1 
917 115 515 146 13 11 -1 -1 -1 -1 
917 118 487 172 29 25 -1 -1 -1 -1 
917 119 351 147 75 77 -1 -1 -1 -1 
917 122 130 289 159 104 -1 -1 -1 -1 
918 118 490 171 27 24 -1 -1 -1 -1 
918 119 358 148 73 74 -1 -1 -1 -1 
918 122 165 275 147 97 -1 -1 -1 -1 
918 123 227 174 14 28 -1 -1 -1 -1 
919 118 493 169 26 23 -1 -1 -1 -1 
919 119 365 146 69 75 -1 -1 -1 -1 
919 122 199 264 130 94 -1 -1 -1 -1 
920 118 494 168 26 23 -1 -1 -1 -1 
920 119 372 146 66 72 -1 -1 -1 -1 
920 122 226 256 121 88 -1 -1 -1 -1 
920 123 227 174 14 28 -1 -1 -1 -1 
921 118 496 167 25 22 -1 -1 -1 -1 
921 119 377 145 65 68 -1 -1 -1 -1 
921 122 252 246 111 78 -1 -1 -1 -1 
921 123 227 175 14 26 -1 -1 -1 -1 
922 118 498 167 23 20 -1 -1 -1 -1 
922 119 385 143 61 64 -1 -1 -1 -1 
922 122 273 237 106 76 -1 -1 -1 -1 
922 123 227 175 14 26 -1 -1 -1 -1 
923 118 499 165 24 20 -1 -1 -1 -1 
923 119 393 144 56 60 -1 -1 -1 -1 
923 122 293 231 94 73 -1 -1 -1 -1 
923 123 227 174 14 28 -1 -1 -1 -1 
924 118 499 165 25 19 -1 -1 -1 -1 
924 119 396 141 58 61 -1 -1 -1 -1 
924 122 312 227 87 63 -1 -1 -1 -1 
924 123 226 174 15 28 -1 -1 -1 -1 
925 118 502 162 23 20 -1 -1 -1 -1 
925 119 401 140 55 61 -1 -1 -1 -1 
925 122 328 222 79 60 -1 -1 -1 -1 
926 118 504 161 22 19 -1 -1 -1 -1 
926 119 405 140 54 60 -1 -1 -1 -1 
926 122 342 216 75 54 -1 -1 -1 -1 
927 118 506 161 21 18 -1 -1 -1 -1 
927 119 411 139 50 59 -1 -1 -1 -1 
927 122 356 213 69 54 -1 -1 -1 -1 
928 118 508 160 20 17 -1 -1 -1 -1 
928 119 415 138 49 59 -1 -1 -1 -1 
928 122 366 207 70 51 -1 -1 -1 -1 
929 118 509 158 20 18 -1 -1 -1 -1 
929 119 419 135 48 61 -1 -1 -1 -1 
929 122 378 204 65 49 -1 -1 -1 -1 
930 118 510 157 19 18 -1 -1 -1 -1 
930 119 421 141 48 53 -1 -1 -1 -1 
930 122 386 200 60 46 -1 -1 -1 -1 
931 118 511 157 19 16 -1 -1 -1 -1 
931 119 426 140 44 53 -1 -1 -1 -1 
931 122 396 197 57 44 -1 -1 -1 -1 
932 118 511 156 19 16 -1 -1 -1 -1 
932 119 429 135 42 56 -1 -1 -1 -1 
932 122 405 195 52 40 -1 -1 -1 -1 
933 118 513 156 19 15 -1 -1 -1 -1 
933 119 431 135 43 54 -1 -1 -1 -1 
933 122 412 194 51 37 -1 -1 -1 -1 
934 118 514 155 19 15 -1 -1 -1 -1 
934 119 431 135 43 54 -1 -1 -1 -1 
935 118 516 155 18 14 -1 -1 -1 -1 
935 119 440 136 37 48 -1 -1 -1 -1 
935 122 425 187 47 37 -1 -1 -1 -1 
936 118 517 153 17 15 -1 -1 -1 -1 
936 119 441 136 38 48 -1 -1 -1 -1 
936 122 432 184 43 37 -1 -1 -1 -1 
937 118 518 154 16 13 -1 -1 -1 -1 
937 119 444 137 36 44 -1 -1 -1 -1 
937 122 438 182 41 35 -1 -1 -1 -1 
938 118 519 151 16 14 -1 -1 -1 -1 
938 119 446 135 38 45 -1 -1 -1 -1 
938 122 443 182 41 32 -1 -1 -1 -1 
939 118 520 152 15 13 -1 -1 -1 -1 
939 119 449 135 36 44 -1 -1 -1 -1 
939 122 449 179 36 33 -1 -1 -1 -1 
940 118 521 150 16 15 -1 -1 -1 -1 
940 119 449 135 36 44 -1 -1 -1 -1 
941 118 521 149 18 15 -1 -1 -1 -1 
941 122 457 176 32 28 -1 -1 -1 -1 
942 118 522 150 16 12 -1 -1 -1 -1 
942 122 461 175 32 28 -1 -1 -1 -1 
943 118 522 150 16 12 -1 -1 -1 -1 
943 119 461 135 29 39 -1 -1 -1 -1 
943 122 463 173 32 28 -1 -1 -1 -1 
944 118 523 150 15 12 -1 -1 -1 -1 
944 119 462 135 29 39 -1 -1 -1 -1 
944 122 467 172 31 26 -1 -1 -1 -1 
945 118 524 149 15 11 -1 -1 -1 -1 
945 119 464 135 28 40 -1 -1 -1 -1 
945 122 472 171 29 25 -1 -1 -1 -1 
946 118 525 149 15 11 -1 -1 -1 -1 
946 119 465 135 29 40 -1 -1 -1 -1 
946 122 474 170 30 25 -1 -1 -1 -1 
947 118 525 148 16 11 -1 -1 -1 -1 
947 119 466 134 29 40 -1 -1 -1 -1 
947 122 476 169 29 24 -1 -1 -1 -1 
948 118 526 147 15 12 -1 -1 -1 -1 
948 119 468 133 29 40 -1 -1 -1 -1 
948 122 478 167 30 26 -1 -1 -1 -1 
949 118 526 146 16 12 -1 -1 -1 -1 
949 119 470 133 27 39 -1 -1 -1 -1 
949 122 482 165 28 27 -1 -1 -1 -1 
950 118 526 145 17 12 -1 -1 -1 -1 
950 119 471 133 26 38 -1 -1 -1 -1 
950 122 486 165 25 23 -1 -1 -1 -1 
951 118 528 144 16 13 -1 -1 -1 -1 
951 119 471 133 26 38 -1 -1 -1 -1 
952 118 528 144 16 13 -1 -1 -1 -1 
984 122 491 163 22 22 -1 -1 -1 -1 
986 127 37 394 245 83 -1 -1 -1 -1 
987 127 105 364 213 114 -1 -1 -1 -1 
988 127 166 335 183 140 -1 -1 -1 -1 
989 127 216 311 159 125 -1 -1 -1 -1 
990 127 257 291 137 109 -1 -1 -1 -1 
991 127 257 291 137 109 -1 -1 -1 -1 
992 127 291 270 121 100 -1 -1 -1 -1 
993 127 318 260 108 88 -1 -1 -1 -1 
994 127 318 260 108 88 -1 -1 -1 -1 
995 127 345 250 94 78 -1 -1 -1 -1 
996 127 363 240 86 73 -1 -1 -1 -1 
997 127 363 240 86 73 -1 -1 -1 -1 
998 127 380 231 78 69 -1 -1 -1 -1 
999 127 394 225 71 61 -1 -1 -1 -1 
1000 127 394 225 71 61 -1 -1 -1 -1 
1001 127 406 219 65 58 -1 -1 -1 -1 
1002 127 417 212 59 56 -1 -1 -1 -1 
1003 127 417 212 59 56 -1 -1 -1 -1 
1004 127 426 207 56 52 -1 -1 -1 -1 
1005 127 435 205 52 46 -1 -1 -1 -1 
1006 127 442 199 48 45 -1 -1 -1 -1 
1007 127 442 199 48 45 -1 -1 -1 -1 
1008 127 449 195 46 43 -1 -1 -1 -1 
1009 127 449 195 46 43 -1 -1 -1 -1 
1010 127 456 192 41 40 -1 -1 -1 -1 
1011 127 460 188 41 39 -1 -1 -1 -1 
1012 127 460 188 41 39 -1 -1 -1 -1 
1013 127 466 186 38 35 -1 -1 -1 -1 
1014 127 466 186 38 35 -1 -1 -1 -1 
1015 127 470 184 36 33 -1 -1 -1 -1 
1016 127 474 181 34 31 -1 -1 -1 -1 
1017 127 474 181 34 31 -1 -1 -1 -1 
1018 127 476 178 36 31 -1 -1 -1 -1 
1019 127 481 176 32 31 -1 -1 -1 -1 
1020 127 481 176 32 31 -1 -1 -1 -1 
1021 127 485 173 30 30 -1 -1 -1 -1 
1022 127 485 173 30 30 -1 -1 -1 -1 
1023 127 487 173 29 26 -1 -1 -1 -1 
1024 127 491 172 26 24 -1 -1 -1 -1 
1025 127 491 172 26 24 -1 -1 -1 -1 
1026 127 493 169 26 26 -1 -1 -1 -1 
1027 127 496 167 25 26 -1 -1 -1 -1 
1028 127 496 167 25 26 -1 -1 -1 -1 
1029 127 497 166 25 26 -1 -1 -1 -1 
1030 127 499 164 25 25 -1 -1 -1 -1 
1031 127 499 164 25 25 -1 -1 -1 -1 
1032 127 502 163 23 22 -1 -1 -1 -1 
1033 127 503 163 23 21 -1 -1 -1 -1 
1034 127 503 163 23 21 -1 -1 -1 -1 
1035 127 505 162 22 20 -1 -1 -1 -1 
1036 127 508 161 19 20 -1 -1 -1 -1 
1037 127 508 161 19 20 -1 -1 -1 -1 
1038 127 509 160 19 19 -1 -1 -1 -1 
1039 127 510 160 19 18 -1 -1 -1 -1 
1040 127 510 160 19 18 -1 -1 -1 -1 
1041 127 512 158 17 19 -1 -1 -1 -1 
1042 127 512 158 17 19 -1 -1 -1 -1 
1043 127 512 158 18 18 -1 -1 -1 -1 
1045 127 516 157 18 17 -1 -1 -1 -1 
1046 127 516 157 18 17 -1 -1 -1 -1 
1047 127 517 156 16 16 -1 -1 -1 -1 
1048 127 517 156 17 14 -1 -1 -1 -1 
1049 127 517 156 17 14 -1 -1 -1 -1 
1050 127 519 154 15 15 -1 -1 -1 -1 
1051 127 520 153 15 15 -1 -1 -1 -1 
1052 127 520 153 15 15 -1 -1 -1 -1 
1053 127 521 153 15 14 -1 -1 -1 -1 
1054 127 521 153 15 14 -1 -1 -1 -1 
1055 127 521 152 16 14 -1 -1 -1 -1 
1056 127 522 151 15 14 -1 -1 -1 -1 
1057 127 523 151 15 13 -1 -1 -1 -1 
1058 127 523 151 15 13 -1 -1 -1 -1 
1060 127 525 148 14 14 -1 -1 -1 -1 
1061 127 525 148 14 14 -1 -1 -1 -1 
1062 127 597 156 12 13 -1 -1 -1 -1 
1063 127 597 157 14 13 -1 -1 -1 -1 
1064 127 597 157 14 13 -1 -1 -1 -1 
1065 127 598 157 13 13 -1 -1 -1 -1 
1071 127 599 160 13 14 -1 -1 -1 -1 
1072 127 599 160 13 14 -1 -1 -1 -1 
1075 127 579 142 16 16 -1 -1 -1 -1 
1076 127 578 142 17 17 -1 -1 -1 -1 
1077 127 578 142 17 17 -1 -1 -1 -1 
1078 127 578 143 16 16 -1 -1 -1 -1 
1079 127 578 143 16 16 -1 -1 -1 -1 
1080 127 579 144 16 15 -1 -1 -1 -1 
1080 128 603 166 15 13 -1 -1 -1 -1 
1081 127 579 144 16 15 -1 -1 -1 -1 
1081 128 604 167 14 13 -1 -1 -1 -1 
1082 127 579 144 16 15 -1 -1 -1 -1 
1082 128 604 167 14 13 -1 -1 -1 -1 
1083 127 579 144 16 16 -1 -1 -1 -1 
1083 128 605 167 13 14 -1 -1 -1 -1 
1084 127 579 145 16 16 -1 -1 -1 -1 
1084 128 605 168 14 14 -1 -1 -1 -1 
1085 127 579 145 16 16 -1 -1 -1 -1 
1085 128 605 168 14 14 -1 -1 -1 -1 
1086 127 580 145 15 16 -1 -1 -1 -1 
1086 128 606 168 14 14 -1 -1 -1 -1 
1087 127 580 145 15 16 -1 -1 -1 -1 
1088 128 606 168 15 16 -1 -1 -1 -1 
1089 127 580 145 15 18 -1 -1 -1 -1 
1089 128 606 169 15 15 -1 -1 -1 -1 
1090 127 580 145 15 18 -1 -1 -1 -1 
1091 128 606 169 15 16 -1 -1 -1 -1 
1092 127 580 148 16 19 -1 -1 -1 -1 
1092 128 607 169 15 18 -1 -1 -1 -1 
1093 127 580 147 16 21 -1 -1 -1 -1 
1093 128 608 170 15 18 -1 -1 -1 -1 
1094 127 580 147 17 21 -1 -1 -1 -1 
1094 128 609 173 16 17 -1 -1 -1 -1 
1095 127 580 147 17 21 -1 -1 -1 -1 
1095 128 609 173 16 17 -1 -1 -1 -1 
1096 127 580 147 18 22 -1 -1 -1 -1 
1096 128 609 175 17 15 -1 -1 -1 -1 
1097 127 580 148 18 21 -1 -1 -1 -1 
1097 128 609 176 18 16 -1 -1 -1 -1 
1098 127 580 148 18 21 -1 -1 -1 -1 
1098 128 609 176 18 16 -1 -1 -1 -1 
1099 127 581 148 18 22 -1 -1 -1 -1 
1099 128 611 178 16 16 -1 -1 -1 -1 
1100 127 581 148 18 22 -1 -1 -1 -1 
1100 128 611 178 16 16 -1 -1 -1 -1 
1101 127 581 149 19 21 -1 -1 -1 -1 
1101 128 613 177 16 19 -1 -1 -1 -1 
1102 127 582 150 17 20 -1 -1 -1 -1 
1102 128 614 178 15 18 -1 -1 -1 -1 
1103 127 582 150 17 20 -1 -1 -1 -1 
1103 128 614 178 15 18 -1 -1 -1 -1 
1104 127 582 149 17 22 -1 -1 -1 -1 
1104 128 615 179 16 20 -1 -1 -1 -1 
1105 127 581 150 19 24 -1 -1 -1 -1 
1105 128 615 179 19 21 -1 -1 -1 -1 
1106 127 581 150 19 24 -1 -1 -1 -1 
1106 128 615 179 19 21 -1 -1 -1 -1 
1107 127 581 149 19 27 -1 -1 -1 -1 
1107 128 617 179 18 23 -1 -1 -1 -1 
1108 127 581 150 20 27 -1 -1 -1 -1 
1108 128 618 182 19 21 -1 -1 -1 -1 
1109 127 581 150 20 27 -1 -1 -1 -1 
1109 128 618 182 19 21 -1 -1 -1 -1 
1110 127 581 150 20 28 -1 -1 -1 -1 
1110 128 618 184 20 21 -1 -1 -1 -1 
1111 127 581 151 20 28 -1 -1 -1 -1 
1111 128 618 183 21 24 -1 -1 -1 -1 
1112 127 581 151 20 28 -1 -1 -1 -1 
1112 128 618 183 21 24 -1 -1 -1 -1 
1113 127 583 152 19 30 -1 -1 -1 -1 
1113 128 620 184 19 25 -1 -1 -1 -1 
1114 127 583 154 19 28 -1 -1 -1 -1 
1114 128 621 187 18 23 -1 -1 -1 -1 
1115 127 583 154 19 28 -1 -1 -1 -1 
1115 128 621 187 18 23 -1 -1 -1 -1 
1116 127 584 154 18 28 -1 -1 -1 -1 
1116 128 622 188 17 23 -1 -1 -1 -1 
1117 127 583 156 20 27 -1 -1 -1 -1 
1117 128 624 189 15 24 -1 -1 -1 -1 
1118 127 583 156 20 27 -1 -1 -1 -1 
1118 128 624 189 15 24 -1 -1 -1 -1 
1119 127 583 157 21 27 -1 -1 -1 -1 
1119 128 626 189 13 26 -1 -1 -1 -1 
1120 127 583 157 21 27 -1 -1 -1 -1 
1120 128 626 189 13 26 -1 -1 -1 -1 
1121 127 583 157 21 27 -1 -1 -1 -1 
1122 128 627 197 12 22 -1 -1 -1 -1 
1123 128 627 197 12 22 -1 -1 -1 -1 
1125 128 627 197 12 22 -1 -1 -1 -1 
1130 127 586 155 13 15 -1 -1 -1 -1 
1130 129 589 163 35 57 -1 -1 -1 -1 
1131 127 586 155 13 15 -1 -1 -1 -1 
1131 129 589 163 35 57 -1 -1 -1 -1 
1132 127 586 155 14 15 -1 -1 -1 -1 
1133 127 586 155 14 15 -1 -1 -1 -1 
1134 127 586 156 14 15 -1 -1 -1 -1 
1134 129 591 167 37 59 -1 -1 -1 -1 
1135 127 587 156 13 16 -1 -1 -1 -1 
1136 127 587 156 13 16 -1 -1 -1 -1 
1137 127 587 157 13 16 -1 -1 -1 -1 
1138 127 587 158 13 17 -1 -1 -1 -1 
1139 127 587 158 13 17 -1 -1 -1 -1 
1140 127 587 159 14 17 -1 -1 -1 -1 
1140 129 596 175 42 66 -1 -1 -1 -1 
1141 127 587 158 15 20 -1 -1 -1 -1 
1141 129 597 175 42 73 -1 -1 -1 -1 
1142 127 589 162 14 17 -1 -1 -1 -1 
1143 127 589 162 14 17 -1 -1 -1 -1 
1144 127 588 163 16 18 -1 -1 -1 -1 
1145 127 588 164 16 18 -1 -1 -1 -1 
1146 127 588 164 16 18 -1 -1 -1 -1 
1146 130 602 184 37 77 -1 -1 -1 -1 
1147 127 589 164 15 19 -1 -1 -1 -1 
1147 130 602 187 37 80 -1 -1 -1 -1 
1148 127 589 165 15 19 -1 -1 -1 -1 
1148 130 603 186 36 92 -1 -1 -1 -1 
1149 127 589 165 15 19 -1 -1 -1 -1 
1149 130 603 186 36 92 -1 -1 -1 -1 
1150 127 589 165 15 19 -1 -1 -1 -1 
1151 127 590 169 16 19 -1 -1 -1 -1 
1151 130 607 194 32 98 -1 -1 -1 -1 
1152 127 590 169 16 19 -1 -1 -1 -1 
1152 130 607 194 32 98 -1 -1 -1 -1 
1155 127 590 170 17 21 -1 -1 -1 -1 
1156 127 591 171 17 21 -1 -1 -1 -1 
1157 127 591 171 17 21 -1 -1 -1 -1 
1158 127 591 172 18 23 -1 -1 -1 -1 
1159 127 592 173 17 24 -1 -1 -1 -1 
1160 127 592 173 17 24 -1 -1 -1 -1 
1161 127 593 174 17 24 -1 -1 -1 -1 
1162 127 594 175 17 26 -1 -1 -1 -1 
1163 127 594 175 17 26 -1 -1 -1 -1 
1164 127 596 176 17 26 -1 -1 -1 -1 
1165 127 596 176 17 26 -1 -1 -1 -1 
1166 127 595 177 20 27 -1 -1 -1 -1 
1167 127 596 178 19 29 -1 -1 -1 -1 
1168 127 596 178 19 29 -1 -1 -1 -1 
1169 127 596 179 20 32 -1 -1 -1 -1 
1170 127 597 182 23 31 -1 -1 -1 -1 
1171 127 597 182 23 31 -1 -1 -1 -1 
1172 127 598 185 24 33 -1 -1 -1 -1 
1173 127 598 185 24 33 -1 -1 -1 -1 
1174 127 598 186 26 34 -1 -1 -1 -1 
1175 127 599 189 26 34 -1 -1 -1 -1 
1176 127 599 189 26 34 -1 -1 -1 -1 
1177 127 600 191 28 37 -1 -1 -1 -1 
1178 127 601 193 28 38 -1 -1 -1 -1 
1179 127 601 193 28 38 -1 -1 -1 -1 
1180 127 602 195 29 39 -1 -1 -1 -1 
1181 127 602 195 29 39 -1 -1 -1 -1 
1182 127 603 200 32 40 -1 -1 -1 -1 
1182 133 190 252 146 128 -1 -1 -1 -1 
1183 127 604 198 33 47 -1 -1 -1 -1 
1183 133 224 242 127 115 -1 -1 -1 -1 
1184 127 606 205 33 48 -1 -1 -1 -1 
1184 133 252 232 120 105 -1 -1 -1 -1 
1185 127 606 205 33 48 -1 -1 -1 -1 
1185 133 252 232 120 105 -1 -1 -1 -1 
1186 127 609 207 30 51 -1 -1 -1 -1 
1186 133 276 227 106 94 -1 -1 -1 -1 
1187 127 609 209 30 54 -1 -1 -1 -1 
1187 133 297 218 94 88 -1 -1 -1 -1 
1188 127 609 209 30 54 -1 -1 -1 -1 
1188 133 297 218 94 88 -1 -1 -1 -1 
1189 127 611 214 28 58 -1 -1 -1 -1 
1189 133 315 212 85 79 -1 -1 -1 -1 
1189 135 612 215 27 56 -1 -1 -1 -1 
1190 127 614 216 25 63 -1 -1 -1 -1 
1190 133 331 207 79 75 -1 -1 -1 -1 
1191 127 615 217 24 70 -1 -1 -1 -1 
1191 133 344 198 73 75 -1 -1 -1 -1 
1192 127 615 217 24 70 -1 -1 -1 -1 
1192 133 344 198 73 75 -1 -1 -1 -1 
1193 127 617 229 22 70 -1 -1 -1 -1 
1193 133 357 196 68 68 -1 -1 -1 -1 
1194 127 617 229 22 70 -1 -1 -1 -1 
1195 133 367 194 65 67 -1 -1 -1 -1 
1196 133 378 190 59 62 -1 -1 -1 -1 
1197 133 386 187 56 58 -1 -1 -1 -1 
1198 133 386 187 56 58 -1 -1 -1 -1 
1199 133 395 182 53 60 -1 -1 -1 -1 
1200 133 402 180 51 58 -1 -1 -1 -1 
1201 133 402 180 51 58 -1 -1 -1 -1 
1202 133 409 177 48 56 -1 -1 -1 -1 
1203 133 409 177 48 56 -1 -1 -1 -1 
1204 133 415 175 46 51 -1 -1 -1 -1 
1205 133 421 172 44 50 -1 -1 -1 -1 
1206 133 421 172 44 50 -1 -1 -1 -1 
1206 137 0 314 73 135 -1 -1 -1 -1 
1207 133 424 172 45 46 -1 -1 -1 -1 
1207 137 1 301 106 138 -1 -1 -1 -1 
1208 133 431 169 39 45 -1 -1 -1 -1 
1208 137 1 284 137 182 -1 -1 -1 -1 
1209 133 437 170 35 37 -1 -1 -1 -1 
1209 137 1 274 165 179 -1 -1 -1 -1 
1210 133 437 170 35 37 -1 -1 -1 -1 
1210 137 1 274 165 179 -1 -1 -1 -1 
1211 133 441 166 37 41 -1 -1 -1 -1 
1211 137 1 263 193 166 -1 -1 -1 -1 
1212 133 441 166 37 41 -1 -1 -1 -1 
1212 137 1 263 193 166 -1 -1 -1 -1 
1213 133 444 165 37 41 -1 -1 -1 -1 
1213 137 12 255 207 152 -1 -1 -1 -1 
1214 133 449 164 35 39 -1 -1 -1 -1 
1214 137 49 242 189 149 -1 -1 -1 -1 
1215 133 449 164 35 39 -1 -1 -1 -1 
1215 137 49 242 189 149 -1 -1 -1 -1 
1216 133 451 163 34 37 -1 -1 -1 -1 
1216 137 83 235 175 137 -1 -1 -1 -1 
1217 133 455 163 32 33 -1 -1 -1 -1 
1217 137 112 227 164 129 -1 -1 -1 -1 
1218 133 455 163 32 33 -1 -1 -1 -1 
1218 137 112 227 164 129 -1 -1 -1 -1 
1219 133 459 161 29 33 -1 -1 -1 -1 
1219 137 138 225 155 118 -1 -1 -1 -1 
1220 133 462 160 28 30 -1 -1 -1 -1 
1220 137 165 219 141 112 -1 -1 -1 -1 
1221 133 462 160 28 30 -1 -1 -1 -1 
1221 137 165 219 141 112 -1 -1 -1 -1 
1221 138 226 174 15 26 -1 -1 -1 -1 
1222 133 465 157 27 33 -1 -1 -1 -1 
1222 137 187 212 133 107 -1 -1 -1 -1 
1222 138 226 174 15 27 -1 -1 -1 -1 
1223 133 465 157 27 33 -1 -1 -1 -1 
1223 137 187 212 133 107 -1 -1 -1 -1 
1223 138 226 174 15 27 -1 -1 -1 -1 
1224 133 466 158 26 29 -1 -1 -1 -1 
1224 137 209 210 124 94 -1 -1 -1 -1 
1225 133 469 157 25 29 -1 -1 -1 -1 
1225 137 228 204 117 92 -1 -1 -1 -1 
1225 138 226 174 15 27 -1 -1 -1 -1 
1226 133 469 157 25 29 -1 -1 -1 -1 
1226 137 228 204 117 92 -1 -1 -1 -1 
1226 138 226 174 15 27 -1 -1 -1 -1 
1227 133 471 154 26 32 -1 -1 -1 -1 
1227 137 247 200 107 87 -1 -1 -1 -1 
1228 133 473 154 26 30 -1 -1 -1 -1 
1228 137 262 202 101 77 -1 -1 -1 -1 
1229 133 476 154 25 28 -1 -1 -1 -1 
1229 137 275 192 96 81 -1 -1 -1 -1 
1230 133 477 153 25 28 -1 -1 -1 -1 
1230 137 288 190 92 77 -1 -1 -1 -1 
1231 133 477 153 25 28 -1 -1 -1 -1 
1231 137 288 190 92 77 -1 -1 -1 -1 
1232 133 479 152 25 26 -1 -1 -1 -1 
1232 137 301 188 87 73 -1 -1 -1 -1 
1233 133 482 151 23 25 -1 -1 -1 -1 
1233 137 312 188 79 66 -1 -1 -1 -1 
1234 133 482 151 23 25 -1 -1 -1 -1 
1234 137 312 188 79 66 -1 -1 -1 -1 
1235 133 483 150 23 26 -1 -1 -1 -1 
1235 137 322 186 78 65 -1 -1 -1 -1 
1236 133 484 150 22 25 -1 -1 -1 -1 
1236 137 332 182 75 64 -1 -1 -1 -1 
1237 133 487 151 21 23 -1 -1 -1 -1 
1237 137 341 182 70 58 -1 -1 -1 -1 
1238 133 487 151 21 23 -1 -1 -1 -1 
1238 137 341 182 70 58 -1 -1 -1 -1 
1239 133 489 151 20 22 -1 -1 -1 -1 
1239 137 348 187 68 50 -1 -1 -1 -1 
1240 133 489 150 20 22 -1 -1 -1 -1 
1240 137 358 177 64 56 -1 -1 -1 -1 
1241 133 489 150 20 22 -1 -1 -1 -1 
1241 137 358 177 64 56 -1 -1 -1 -1 
1242 133 491 149 19 21 -1 -1 -1 -1 
1242 137 365 181 61 49 -1 -1 -1 -1 
1243 133 493 148 19 22 -1 -1 -1 -1 
1243 137 370 179 61 48 -1 -1 -1 -1 
1244 133 494 148 18 20 -1 -1 -1 -1 
1244 137 378 181 55 43 -1 -1 -1 -1 
1245 133 494 148 18 20 -1 -1 -1 -1 
1245 137 378 181 55 43 -1 -1 -1 -1 
1246 133 495 149 18 18 -1 -1 -1 -1 
1246 137 384 178 53 42 -1 -1 -1 -1 
1247 133 497 149 17 17 -1 -1 -1 -1 
1247 137 389 176 52 41 -1 -1 -1 -1 
1248 133 497 148 17 18 -1 -1 -1 -1 
1248 137 395 176 49 38 -1 -1 -1 -1 
1249 133 499 146 16 18 -1 -1 -1 -1 
1249 137 401 172 47 39 -1 -1 -1 -1 
1250 133 499 146 16 18 -1 -1 -1 -1 
1250 137 401 172 47 39 -1 -1 -1 -1 
1251 133 500 146 15 17 -1 -1 -1 -1 
1251 137 405 171 46 38 -1 -1 -1 -1 
1252 133 500 146 15 17 -1 -1 -1 -1 
1252 137 405 171 46 38 -1 -1 -1 -1 
1253 133 501 146 15 17 -1 -1 -1 -1 
1253 137 410 170 43 36 -1 -1 -1 -1 
1254 133 502 146 15 17 -1 -1 -1 -1 
1254 137 414 168 43 36 -1 -1 -1 -1 
1255 133 502 146 15 17 -1 -1 -1 -1 
1255 137 414 168 43 36 -1 -1 -1 -1 
1256 133 502 148 16 14 -1 -1 -1 -1 
1256 137 417 168 43 34 -1 -1 -1 -1 
1257 133 502 148 16 14 -1 -1 -1 -1 
1257 137 417 168 43 34 -1 -1 -1 -1 
1258 133 504 148 15 14 -1 -1 -1 -1 
1258 137 422 166 40 34 -1 -1 -1 -1 
1259 133 504 148 15 14 -1 -1 -1 -1 
1260 137 427 168 36 30 -1 -1 -1 -1 
1261 133 506 150 15 10 -1 -1 -1 -1 
1261 137 429 168 37 28 -1 -1 -1 -1 
1262 133 507 150 15 9 -1 -1 -1 -1 
1262 137 432 166 37 29 -1 -1 -1 -1 
1263 133 507 150 15 9 -1 -1 -1 -1 
1263 137 432 166 37 29 -1 -1 -1 -1 
1264 133 507 149 14 10 -1 -1 -1 -1 
1265 133 507 149 14 10 -1 -1 -1 -1 
1266 133 508 148 14 10 -1 -1 -1 -1 
1267 133 509 147 14 10 -1 -1 -1 -1 
1268 133 509 147 14 10 -1 -1 -1 -1 
1269 133 509 146 14 11 -1 -1 -1 -1 
1272 133 509 146 14 11 -1 -1 -1 -1 
1273 137 450 160 29 26 -1 -1 -1 -1 
1274 137 452 159 30 26 -1 -1 -1 -1 
1275 137 454 159 29 25 -1 -1 -1 -1 
1276 137 454 159 29 25 -1 -1 -1 -1 
1277 137 456 157 28 26 -1 -1 -1 -1 
1278 137 459 155 27 26 -1 -1 -1 -1 
1279 137 461 153 27 27 -1 -1 -1 -1 
1280 137 461 153 27 27 -1 -1 -1 -1 
1281 137 462 153 28 26 -1 -1 -1 -1 
1282 137 464 154 26 23 -1 -1 -1 -1 
1283 137 464 154 26 23 -1 -1 -1 -1 
1284 137 466 153 25 24 -1 -1 -1 -1 
1285 137 466 153 25 24 -1 -1 -1 -1 
1286 137 468 151 25 25 -1 -1 -1 -1 
1287 137 470 151 24 24 -1 -1 -1 -1 
1288 137 470 151 24 24 -1 -1 -1 -1 
1289 137 471 149 25 26 -1 -1 -1 -1 
1290 137 473 149 24 24 -1 -1 -1 -1 
1291 137 473 149 24 24 -1 -1 -1 -1 
1292 137 474 149 23 23 -1 -1 -1 -1 
1293 137 475 149 25 22 -1 -1 -1 -1 
1294 137 475 149 25 22 -1 -1 -1 -1 
1295 137 478 149 22 22 -1 -1 -1 -1 
1296 137 478 149 22 22 -1 -1 -1 -1 
1297 137 478 149 22 22 -1 -1 -1 -1 
1303 137 484 148 20 18 -1 -1 -1 -1 
1304 137 484 148 20 18 -1 -1 -1 -1 
1307 137 486 147 20 18 -1 -1 -1 -1 
1308 137 488 146 19 18 -1 -1 -1 -1 
1313 137 490 145 20 17 -1 -1 -1 -1 
1316 137 494 144 18 17 -1 -1 -1 -1 
1317 137 495 143 17 19 -1 -1 -1 -1 
1318 137 495 143 17 19 -1 -1 -1 -1 
1318 140 3 323 170 152 -1 -1 -1 -1 
1319 137 496 144 16 17 -1 -1 -1 -1 
1319 140 1 300 213 177 -1 -1 -1 -1 
1320 137 496 144 16 17 -1 -1 -1 -1 
1320 140 1 300 213 177 -1 -1 -1 -1 
1321 137 497 142 16 19 -1 -1 -1 -1 
1321 140 2 283 256 195 -1 -1 -1 -1 
1322 137 497 142 16 19 -1 -1 -1 -1 
1323 140 4 270 277 207 -1 -1 -1 -1 
1324 140 4 255 295 220 -1 -1 -1 -1 
1325 140 4 255 295 220 -1 -1 -1 -1 
1326 140 4 236 314 237 -1 -1 -1 -1 
1327 137 500 144 15 16 -1 -1 -1 -1 
1327 140 8 226 350 250 -1 -1 -1 -1 
1328 137 500 144 15 16 -1 -1 -1 -1 
1328 140 8 226 350 250 -1 -1 -1 -1 
1329 137 501 143 15 16 -1 -1 -1 -1 
1329 140 7 202 365 274 -1 -1 -1 -1 
1330 137 501 143 15 16 -1 -1 -1 -1 
1331 140 84 201 306 262 -1 -1 -1 -1 
1332 140 121 191 275 247 -1 -1 -1 -1 
1333 140 157 200 247 208 -1 -1 -1 -1 
1334 140 157 200 247 208 -1 -1 -1 -1 
1335 140 190 196 223 186 -1 -1 -1 -1 
1336 140 190 196 223 186 -1 -1 -1 -1 
1337 140 214 195 203 166 -1 -1 -1 -1 
1338 140 240 190 189 155 -1 -1 -1 -1 
1339 140 240 190 189 155 -1 -1 -1 -1 
1340 140 261 188 172 140 -1 -1 -1 -1 
1341 140 261 188 172 140 -1 -1 -1 -1 
1342 140 280 186 157 128 -1 -1 -1 -1 
1342 142 593 156 14 13 -1 -1 -1 -1 
1343 140 301 182 141 120 -1 -1 -1 -1 
1343 142 594 157 13 13 -1 -1 -1 -1 
1344 140 301 182 141 120 -1 -1 -1 -1 
1344 142 594 157 13 13 -1 -1 -1 -1 
1345 140 312 182 131 109 -1 -1 -1 -1 
1345 142 594 157 14 13 -1 -1 -1 -1 
1346 140 312 182 131 109 -1 -1 -1 -1 
1346 142 594 157 14 13 -1 -1 -1 -1 
1347 140 326 179 121 103 -1 -1 -1 -1 
1347 142 595 157 13 14 -1 -1 -1 -1 
1348 140 338 176 115 97 -1 -1 -1 -1 
1348 142 596 157 13 15 -1 -1 -1 -1 
1349 140 338 176 115 97 -1 -1 -1 -1 
1349 142 596 157 13 15 -1 -1 -1 -1 
1350 140 349 177 107 89 -1 -1 -1 -1 
1351 140 359 175 103 86 -1 -1 -1 -1 
1351 142 596 158 14 18 -1 -1 -1 -1 
1352 140 359 175 103 86 -1 -1 -1 -1 
1352 142 596 158 14 18 -1 -1 -1 -1 
1353 140 366 173 98 81 -1 -1 -1 -1 
1354 140 366 173 98 81 -1 -1 -1 -1 
1355 140 375 171 92 80 -1 -1 -1 -1 
1355 142 597 160 15 19 -1 -1 -1 -1 
1356 140 385 170 86 73 -1 -1 -1 -1 
1356 142 598 165 14 16 -1 -1 -1 -1 
1357 140 385 170 86 73 -1 -1 -1 -1 
1357 142 598 165 14 16 -1 -1 -1 -1 
1358 140 389 169 85 71 -1 -1 -1 -1 
1358 142 599 167 13 15 -1 -1 -1 -1 
1359 140 389 169 85 71 -1 -1 -1 -1 
1359 142 599 167 13 15 -1 -1 -1 -1 
1360 140 395 167 81 68 -1 -1 -1 -1 
1360 142 599 168 14 14 -1 -1 -1 -1 
1361 140 402 167 78 65 -1 -1 -1 -1 
1361 142 600 168 15 14 -1 -1 -1 -1 
1362 140 402 167 78 65 -1 -1 -1 -1 
1362 142 600 168 15 14 -1 -1 -1 -1 
1363 140 409 163 72 66 -1 -1 -1 -1 
1363 142 601 172 14 12 -1 -1 -1 -1 
1364 140 409 163 72 66 -1 -1 -1 -1 
1364 142 601 172 14 12 -1 -1 -1 -1 
1365 140 411 163 72 62 -1 -1 -1 -1 
1365 142 603 172 14 14 -1 -1 -1 -1 
1366 140 416 161 70 64 -1 -1 -1 -1 
1366 142 604 173 15 15 -1 -1 -1 -1 
1367 140 416 161 70 64 -1 -1 -1 -1 
1367 142 604 173 15 15 -1 -1 -1 -1 
1368 140 422 160 65 62 -1 -1 -1 -1 
1368 142 605 173 16 17 -1 -1 -1 -1 
1369 140 422 160 65 62 -1 -1 -1 -1 
1369 142 605 173 16 17 -1 -1 -1 -1 
1370 140 424 160 64 57 -1 -1 -1 -1 
1370 142 606 175 15 16 -1 -1 -1 -1 
1371 140 429 159 61 54 -1 -1 -1 -1 
1371 142 607 175 15 17 -1 -1 -1 -1 
1372 140 429 159 61 54 -1 -1 -1 -1 
1372 142 607 175 15 17 -1 -1 -1 -1 
1373 140 433 160 59 51 -1 -1 -1 -1 
1373 142 607 176 16 19 -1 -1 -1 -1 
1374 140 433 160 59 51 -1 -1 -1 -1 
1374 142 607 176 16 19 -1 -1 -1 -1 
1375 140 436 159 57 46 -1 -1 -1 -1 
1375 142 608 176 17 21 -1 -1 -1 -1 
1376 140 442 155 52 49 -1 -1 -1 -1 
1376 142 609 180 17 19 -1 -1 -1 -1 
1377 140 442 155 52 49 -1 -1 -1 -1 
1377 142 609 180 17 19 -1 -1 -1 -1 
1378 140 444 156 53 47 -1 -1 -1 -1 
1378 142 610 182 17 19 -1 -1 -1 -1 
1379 140 444 156 53 47 -1 -1 -1 -1 
1379 142 610 182 17 19 -1 -1 -1 -1 
1380 140 447 156 51 45 -1 -1 -1 -1 
1380 142 612 183 17 19 -1 -1 -1 -1 
1381 140 450 152 49 47 -1 -1 -1 -1 
1381 142 613 185 19 20 -1 -1 -1 -1 
1382 140 450 152 49 47 -1 -1 -1 -1 
1382 142 613 185 19 20 -1 -1 -1 -1 
1383 140 452 152 48 46 -1 -1 -1 -1 
1383 142 616 185 18 23 -1 -1 -1 -1 
1384 140 455 153 46 44 -1 -1 -1 -1 
1384 142 617 186 19 24 -1 -1 -1 -1 
1385 140 455 153 46 44 -1 -1 -1 -1 
1385 142 617 186 19 24 -1 -1 -1 -1 
1386 140 456 152 45 43 -1 -1 -1 -1 
1386 142 618 188 20 24 -1 -1 -1 -1 
1387 140 456 152 45 43 -1 -1 -1 -1 
1387 142 618 188 20 24 -1 -1 -1 -1 
1388 140 459 152 43 41 -1 -1 -1 -1 
1388 142 619 187 20 29 -1 -1 -1 -1 
1389 140 461 151 43 40 -1 -1 -1 -1 
1389 142 622 190 17 28 -1 -1 -1 -1 
1390 140 461 151 43 40 -1 -1 -1 -1 
1390 142 622 190 17 28 -1 -1 -1 -1 
1391 140 463 150 42 40 -1 -1 -1 -1 
1391 142 623 192 16 29 -1 -1 -1 -1 
1392 140 464 151 41 37 -1 -1 -1 -1 
1392 142 625 194 14 30 -1 -1 -1 -1 
1393 140 464 151 41 37 -1 -1 -1 -1 
1393 142 625 194 14 30 -1 -1 -1 -1 
1394 140 466 151 39 36 -1 -1 -1 -1 
1394 142 625 194 14 30 -1 -1 -1 -1 
1395 140 469 151 38 33 -1 -1 -1 -1 
1396 140 469 151 38 33 -1 -1 -1 -1 
1397 140 471 149 36 34 -1 -1 -1 -1 
1398 140 471 149 36 34 -1 -1 -1 -1 
1399 140 473 147 35 34 -1 -1 -1 -1 
1400 140 474 147 34 33 -1 -1 -1 -1 
1401 140 474 147 34 33 -1 -1 -1 -1 
1402 140 476 147 32 32 -1 -1 -1 -1 
1403 140 476 147 32 32 -1 -1 -1 -1 
1404 140 477 147 32 31 -1 -1 -1 -1 
1405 140 478 147 32 30 -1 -1 -1 -1 
1406 140 478 147 32 30 -1 -1 -1 -1 
1407 140 480 146 31 30 -1 -1 -1 -1 
1408 140 480 146 31 30 -1 -1 -1 -1 
1409 140 481 146 31 29 -1 -1 -1 -1 
1410 140 483 145 30 29 -1 -1 -1 -1 
1411 140 483 145 30 29 -1 -1 -1 -1 
1412 140 485 145 29 28 -1 -1 -1 -1 
1413 140 485 145 29 26 -1 -1 -1 -1 
1414 140 485 145 29 26 -1 -1 -1 -1 
1415 140 486 146 28 25 -1 -1 -1 -1 
1416 140 487 147 26 23 -1 -1 -1 -1 
1417 140 487 147 26 23 -1 -1 -1 -1 
1418 140 488 145 27 24 -1 -1 -1 -1 
1419 140 488 145 27 24 -1 -1 -1 -1 
1420 140 490 144 25 25 -1 -1 -1 -1 
1421 140 492 143 24 25 -1 -1 -1 -1 
1422 140 492 143 24 25 -1 -1 -1 -1 
1423 140 493 144 23 22 -1 -1 -1 -1 
1424 140 494 144 23 21 -1 -1 -1 -1 
1425 140 494 144 23 21 -1 -1 -1 -1 
1426 140 494 142 24 23 -1 -1 -1 -1 
1427 140 495 142 23 22 -1 -1 -1 -1 
1428 140 495 142 23 22 -1 -1 -1 -1 
1429 140 496 143 24 21 -1 -1 -1 -1 
1430 140 497 144 24 19 -1 -1 -1 -1 
1431 140 497 144 24 19 -1 -1 -1 -1 
1432 140 498 144 23 19 -1 -1 -1 -1 
1432 145 4 335 308 141 -1 -1 -1 -1 
1433 140 498 143 23 20 -1 -1 -1 -1 
1433 145 8 305 341 173 -1 -1 -1 -1 
1434 140 498 143 23 20 -1 -1 -1 -1 
1434 145 8 305 341 173 -1 -1 -1 -1 
1435 140 499 142 23 20 -1 -1 -1 -1 
1435 145 49 280 328 194 -1 -1 -1 -1 
1436 140 499 142 23 20 -1 -1 -1 -1 
1436 145 120 254 270 222 -1 -1 -1 -1 
1437 140 499 142 23 20 -1 -1 -1 -1 
1437 145 120 254 270 222 -1 -1 -1 -1 
1438 140 499 142 25 19 -1 -1 -1 -1 
1438 145 183 237 230 236 -1 -1 -1 -1 
1439 140 500 141 24 19 -1 -1 -1 -1 
1439 145 230 234 196 196 -1 -1 -1 -1 
1440 140 502 141 22 19 -1 -1 -1 -1 
1440 145 267 225 172 178 -1 -1 -1 -1 
1441 140 502 141 22 19 -1 -1 -1 -1 
1441 145 267 225 172 178 -1 -1 -1 -1 
1442 140 503 141 21 18 -1 -1 -1 -1 
1442 145 297 215 151 162 -1 -1 -1 -1 
1443 140 504 138 21 21 -1 -1 -1 -1 
1443 145 323 212 135 139 -1 -1 -1 -1 
1444 140 504 138 21 21 -1 -1 -1 -1 
1444 145 323 212 135 139 -1 -1 -1 -1 
1445 140 504 138 21 21 -1 -1 -1 -1 
1445 145 348 206 120 126 -1 -1 -1 -1 
1446 140 505 137 20 21 -1 -1 -1 -1 
1446 145 368 199 106 116 -1 -1 -1 -1 
1447 140 505 137 20 21 -1 -1 -1 -1 
1447 145 368 199 106 116 -1 -1 -1 -1 
1448 140 506 137 20 20 -1 -1 -1 -1 
1448 145 381 192 99 108 -1 -1 -1 -1 
1449 140 507 138 20 19 -1 -1 -1 -1 
1449 145 393 190 91 97 -1 -1 -1 -1 
1450 140 507 138 20 19 -1 -1 -1 -1 
1450 145 393 190 91 97 -1 -1 -1 -1 
1451 140 507 137 21 19 -1 -1 -1 -1 
1451 145 404 188 85 90 -1 -1 -1 -1 
1452 140 509 137 19 19 -1 -1 -1 -1 
1452 145 415 185 78 84 -1 -1 -1 -1 
1453 140 509 138 19 17 -1 -1 -1 -1 
1453 145 425 180 72 85 -1 -1 -1 -1 
1454 140 509 138 19 17 -1 -1 -1 -1 
1454 145 425 180 72 85 -1 -1 -1 -1 
1455 140 509 138 19 17 -1 -1 -1 -1 
1456 145 439 173 63 73 -1 -1 -1 -1 
1457 145 439 173 63 73 -1 -1 -1 -1 
1458 145 446 173 60 72 -1 -1 -1 -1 
1459 145 453 164 84 75 -1 -1 -1 -1 
1460 145 458 172 52 61 -1 -1 -1 -1 
1461 145 458 172 52 61 -1 -1 -1 -1 
1462 145 464 164 53 62 -1 -1 -1 -1 
1462 146 2 391 237 86 -1 -1 -1 -1 
1463 145 467 166 50 57 -1 -1 -1 -1 
1463 146 61 360 215 116 -1 -1 -1 -1 
1464 145 467 166 50 57 -1 -1 -1 -1 
1464 146 61 360 215 116 -1 -1 -1 -1 
1465 145 471 164 47 57 -1 -1 -1 -1 
1465 146 121 334 188 138 -1 -1 -1 -1 
1466 145 474 163 46 52 -1 -1 -1 -1 
1466 146 169 310 167 120 -1 -1 -1 -1 
1467 145 480 158 46 56 -1 -1 -1 -1 
1467 146 211 290 147 111 -1 -1 -1 -1 
1468 145 480 148 72 64 -1 -1 -1 -1 
1468 146 248 273 130 100 -1 -1 -1 -1 
1469 145 480 148 72 64 -1 -1 -1 -1 
1469 146 248 273 130 100 -1 -1 -1 -1 
1470 145 480 148 72 64 -1 -1 -1 -1 
1471 146 304 251 101 83 -1 -1 -1 -1 
1472 146 304 251 101 83 -1 -1 -1 -1 
1473 146 324 241 92 81 -1 -1 -1 -1 
1474 145 491 148 56 53 -1 -1 -1 -1 
1474 146 343 232 84 70 -1 -1 -1 -1 
1475 145 491 148 56 53 -1 -1 -1 -1 
1475 146 343 232 84 70 -1 -1 -1 -1 
1476 145 493 150 40 48 -1 -1 -1 -1 
1476 146 360 225 75 66 -1 -1 -1 -1 
1477 145 493 150 40 48 -1 -1 -1 -1 
1478 145 497 149 37 47 -1 -1 -1 -1 
1478 146 386 213 64 58 -1 -1 -1 -1 
1479 145 497 149 37 47 -1 -1 -1 -1 
1479 146 386 213 64 58 -1 -1 -1 -1 
1480 145 500 148 37 46 -1 -1 -1 -1 
1480 146 395 206 62 55 -1 -1 -1 -1 
1481 145 502 148 34 44 -1 -1 -1 -1 
1481 146 405 205 57 48 -1 -1 -1 -1 
1482 145 505 147 30 42 -1 -1 -1 -1 
1482 146 412 200 54 47 -1 -1 -1 -1 
1483 145 505 147 30 42 -1 -1 -1 -1 
1483 146 412 200 54 47 -1 -1 -1 -1 
1484 145 505 146 30 42 -1 -1 -1 -1 
1484 146 421 196 49 45 -1 -1 -1 -1 
1485 145 507 147 28 39 -1 -1 -1 -1 
1485 146 429 193 45 42 -1 -1 -1 -1 
1486 145 509 148 27 36 -1 -1 -1 -1 
1486 146 434 190 44 39 -1 -1 -1 -1 
1487 145 511 147 26 36 -1 -1 -1 -1 
1487 146 440 188 42 37 -1 -1 -1 -1 
1488 145 511 147 26 36 -1 -1 -1 -1 
1488 146 440 188 42 37 -1 -1 -1 -1 
1489 145 512 146 25 36 -1 -1 -1 -1 
1489 146 446 185 39 35 -1 -1 -1 -1 
1489 147 577 155 14 14 -1 -1 -1 -1 
1490 145 512 146 25 36 -1 -1 -1 -1 
1490 146 449 182 38 35 -1 -1 -1 -1 
1491 146 453 180 37 34 -1 -1 -1 -1 
1492 146 453 180 37 34 -1 -1 -1 -1 
1493 146 458 178 33 30 -1 -1 -1 -1 
1493 147 578 156 13 16 -1 -1 -1 -1 
1494 146 461 176 31 29 -1 -1 -1 -1 
1495 146 461 176 31 29 -1 -1 -1 -1 
1496 146 465 174 29 28 -1 -1 -1 -1 
1497 146 468 173 28 25 -1 -1 -1 -1 
1497 147 579 163 16 14 -1 -1 -1 -1 
1498 146 468 173 28 25 -1 -1 -1 -1 
1498 147 579 163 16 14 -1 -1 -1 -1 
1499 146 471 171 29 25 -1 -1 -1 -1 
1499 147 580 165 16 14 -1 -1 -1 -1 
1500 146 474 170 28 24 -1 -1 -1 -1 
1500 147 580 164 17 16 -1 -1 -1 -1 
1501 146 491 159 22 20 -1 -1 -1 -1 
1501 147 580 164 17 16 -1 -1 -1 -1 
1502 146 491 159 22 20 -1 -1 -1 -1 
1503 146 493 159 21 19 -1 -1 -1 -1 
1503 148 585 171 20 25 -1 -1 -1 -1 
1504 146 495 158 19 19 -1 -1 -1 -1 
1504 148 585 172 22 27 -1 -1 -1 -1 
1505 146 496 157 19 18 -1 -1 -1 -1 
1505 148 586 175 22 26 -1 -1 -1 -1 
1506 146 496 157 19 18 -1 -1 -1 -1 
1506 148 586 175 22 26 -1 -1 -1 -1 
1507 146 499 155 18 19 -1 -1 -1 -1 
1507 148 587 175 23 29 -1 -1 -1 -1 
1508 146 500 155 19 18 -1 -1 -1 -1 
1508 148 588 176 24 31 -1 -1 -1 -1 
1509 146 500 155 19 18 -1 -1 -1 -1 
1509 148 588 176 24 31 -1 -1 -1 -1 
1509 149 589 177 22 30 -1 -1 -1 -1 
1510 146 501 155 18 17 -1 -1 -1 -1 
1510 148 589 178 23 32 -1 -1 -1 -1 
1510 149 588 179 25 31 -1 -1 -1 -1 
1511 146 502 155 18 16 -1 -1 -1 -1 
1511 148 588 180 28 33 -1 -1 -1 -1 
1512 146 502 155 18 16 -1 -1 -1 -1 
1512 148 588 180 28 33 -1 -1 -1 -1 
1513 146 504 153 17 18 -1 -1 -1 -1 
1513 148 589 182 29 37 -1 -1 -1 -1 
1514 146 506 152 16 17 -1 -1 -1 -1 
1515 146 506 152 17 16 -1 -1 -1 -1 
1516 146 506 152 17 16 -1 -1 -1 -1 
1517 146 507 152 16 15 -1 -1 -1 -1 
1517 150 593 192 32 42 -1 -1 -1 -1 
1518 146 509 151 15 15 -1 -1 -1 -1 
1518 150 594 194 33 44 -1 -1 -1 -1 
1519 146 509 151 15 15 -1 -1 -1 -1 
1519 150 594 194 33 44 -1 -1 -1 -1 
1520 146 510 150 15 15 -1 -1 -1 -1 
1520 150 595 199 35 43 -1 -1 -1 -1 
1521 146 510 150 15 14 -1 -1 -1 -1 
1522 146 510 150 15 14 -1 -1 -1 -1 
1523 146 511 149 16 14 -1 -1 -1 -1 
1524 146 512 147 16 16 -1 -1 -1 -1 
1525 146 513 148 15 14 -1 -1 -1 -1 
1526 146 513 148 15 14 -1 -1 -1 -1 
1527 146 514 148 14 13 -1 -1 -1 -1 
1528 146 515 148 15 12 -1 -1 -1 -1 
1556 146 515 148 15 12 -1 -1 -1 -1 
1558 153 67 387 252 88 -1 -1 -1 -1 
1559 153 121 360 225 116 -1 -1 -1 -1 
1560 153 174 335 196 143 -1 -1 -1 -1 
1561 153 220 313 172 141 -1 -1 -1 -1 
1562 153 220 313 172 141 -1 -1 -1 -1 
1563 153 256 297 151 120 -1 -1 -1 -1 
1564 153 287 272 134 117 -1 -1 -1 -1 
1565 153 313 263 121 101 -1 -1 -1 -1 
1566 153 313 263 121 101 -1 -1 -1 -1 
1567 153 337 254 107 91 -1 -1 -1 -1 
1567 154 0 269 108 193 -1 -1 -1 -1 
1568 153 355 245 97 84 -1 -1 -1 -1 
1568 154 0 234 140 209 -1 -1 -1 -1 
1569 153 373 236 87 79 -1 -1 -1 -1 
1569 154 0 208 165 247 -1 -1 -1 -1 
1570 153 373 236 87 79 -1 -1 -1 -1 
1570 154 0 208 165 247 -1 -1 -1 -1 
1571 153 385 229 83 77 -1 -1 -1 -1 
1571 154 0 199 194 271 -1 -1 -1 -1 
1572 153 398 223 76 69 -1 -1 -1 -1 
1572 154 1 193 220 280 -1 -1 -1 -1 
1573 153 398 223 76 69 -1 -1 -1 -1 
1573 154 1 193 220 280 -1 -1 -1 -1 
1574 153 407 214 75 69 -1 -1 -1 -1 
1574 154 2 184 234 292 -1 -1 -1 -1 
1575 153 417 214 68 58 -1 -1 -1 -1 
1575 154 2 181 254 272 -1 -1 -1 -1 
1576 153 417 214 68 58 -1 -1 -1 -1 
1576 154 2 181 254 272 -1 -1 -1 -1 
1577 153 427 208 64 57 -1 -1 -1 -1 
1577 154 2 174 270 266 -1 -1 -1 -1 
1577 157 105 383 225 94 -1 -1 -1 -1 
1578 153 433 205 59 53 -1 -1 -1 -1 
1578 154 2 170 285 246 -1 -1 -1 -1 
1578 157 168 356 191 123 -1 -1 -1 -1 
1579 153 433 205 59 53 -1 -1 -1 -1 
1579 154 2 170 285 246 -1 -1 -1 -1 
1579 157 168 356 191 123 -1 -1 -1 -1 
1580 153 440 200 55 52 -1 -1 -1 -1 
1580 154 3 165 298 233 -1 -1 -1 -1 
1580 157 216 331 164 136 -1 -1 -1 -1 
1581 153 447 196 51 50 -1 -1 -1 -1 
1581 154 11 160 299 217 -1 -1 -1 -1 
1581 157 258 309 142 119 -1 -1 -1 -1 
1582 153 454 194 46 46 -1 -1 -1 -1 
1582 154 46 157 279 207 -1 -1 -1 -1 
1582 157 290 291 126 107 -1 -1 -1 -1 
1583 153 454 194 46 46 -1 -1 -1 -1 
1583 154 46 157 279 207 -1 -1 -1 -1 
1583 157 290 291 126 107 -1 -1 -1 -1 
1584 153 458 191 44 44 -1 -1 -1 -1 
1584 154 79 152 258 199 -1 -1 -1 -1 
1584 157 315 272 116 101 -1 -1 -1 -1 
1585 153 462 187 42 42 -1 -1 -1 -1 
1585 154 107 151 241 189 -1 -1 -1 -1 
1585 157 341 260 101 92 -1 -1 -1 -1 
1586 153 462 187 42 42 -1 -1 -1 -1 
1586 154 107 151 241 189 -1 -1 -1 -1 
1586 157 341 260 101 92 -1 -1 -1 -1 
1586 159 344 261 100 91 -1 -1 -1 -1 
1587 153 466 185 42 40 -1 -1 -1 -1 
1587 154 131 151 228 175 -1 -1 -1 -1 
1587 157 359 252 94 80 -1 -1 -1 -1 
1588 153 466 185 42 40 -1 -1 -1 -1 
1588 154 131 151 228 175 -1 -1 -1 -1 
1588 157 359 252 94 80 -1 -1 -1 -1 
1589 153 470 183 39 38 -1 -1 -1 -1 
1589 154 154 152 206 163 -1 -1 -1 -1 
1589 157 375 242 86 76 -1 -1 -1 -1 
1589 159 375 243 85 76 -1 -1 -1 -1 
1590 153 473 182 36 36 -1 -1 -1 -1 
1590 154 175 151 195 154 -1 -1 -1 -1 
1590 157 375 242 86 76 -1 -1 -1 -1 
1591 153 477 178 35 36 -1 -1 -1 -1 
1591 154 194 150 185 145 -1 -1 -1 -1 
1591 157 404 229 69 65 -1 -1 -1 -1 
1591 159 403 226 70 69 -1 -1 -1 -1 
1592 153 477 178 35 36 -1 -1 -1 -1 
1592 154 194 150 185 145 -1 -1 -1 -1 
1592 157 404 229 69 65 -1 -1 -1 -1 
1592 159 403 226 70 69 -1 -1 -1 -1 
1593 153 479 177 34 35 -1 -1 -1 -1 
1593 154 212 147 173 140 -1 -1 -1 -1 
1593 157 414 220 65 65 -1 -1 -1 -1 
1594 153 479 177 34 35 -1 -1 -1 -1 
1594 154 212 147 173 140 -1 -1 -1 -1 
1594 157 414 220 65 65 -1 -1 -1 -1 
1595 153 482 176 33 32 -1 -1 -1 -1 
1595 154 227 147 163 133 -1 -1 -1 -1 
1595 157 423 214 63 59 -1 -1 -1 -1 
1595 159 423 211 62 64 -1 -1 -1 -1 
1596 153 485 175 30 29 -1 -1 -1 -1 
1596 154 243 147 153 125 -1 -1 -1 -1 
1596 157 423 214 63 59 -1 -1 -1 -1 
1597 153 487 173 30 29 -1 -1 -1 -1 
1597 154 256 146 145 119 -1 -1 -1 -1 
1597 159 438 207 55 51 -1 -1 -1 -1 
1598 153 487 173 30 29 -1 -1 -1 -1 
1598 154 256 146 145 119 -1 -1 -1 -1 
1598 159 438 207 55 51 -1 -1 -1 -1 
1599 153 491 172 27 25 -1 -1 -1 -1 
1599 154 273 145 134 117 -1 -1 -1 -1 
1599 159 443 202 52 50 -1 -1 -1 -1 
1600 153 491 172 27 25 -1 -1 -1 -1 
1600 154 273 145 134 117 -1 -1 -1 -1 
1600 159 443 202 52 50 -1 -1 -1 -1 
1601 153 493 172 26 24 -1 -1 -1 -1 
1601 154 284 146 130 110 -1 -1 -1 -1 
1601 159 452 200 44 45 -1 -1 -1 -1 
1601 160 139 381 210 98 -1 -1 -1 -1 
1602 153 495 169 25 24 -1 -1 -1 -1 
1602 154 295 145 122 108 -1 -1 -1 -1 
1602 159 457 196 42 42 -1 -1 -1 -1 
1602 160 193 350 185 129 -1 -1 -1 -1 
1603 153 495 169 25 24 -1 -1 -1 -1 
1603 154 295 145 122 108 -1 -1 -1 -1 
1603 159 457 196 42 42 -1 -1 -1 -1 
1603 160 193 350 185 129 -1 -1 -1 -1 
1604 153 497 169 24 23 -1 -1 -1 -1 
1604 154 306 144 116 105 -1 -1 -1 -1 
1604 159 462 193 38 40 -1 -1 -1 -1 
1604 160 241 327 157 132 -1 -1 -1 -1 
1604 161 0 235 38 42 -1 -1 -1 -1 
1605 153 498 167 24 24 -1 -1 -1 -1 
1605 154 315 145 110 98 -1 -1 -1 -1 
1605 159 466 190 37 39 -1 -1 -1 -1 
1605 160 278 305 139 114 -1 -1 -1 -1 
1605 161 0 223 58 50 -1 -1 -1 -1 
1606 153 498 167 25 21 -1 -1 -1 -1 
1606 154 327 144 102 96 -1 -1 -1 -1 
1606 159 469 187 37 38 -1 -1 -1 -1 
1606 160 313 286 119 101 -1 -1 -1 -1 
1607 153 500 165 24 19 -1 -1 -1 -1 
1607 154 332 144 101 94 -1 -1 -1 -1 
1607 159 473 185 34 36 -1 -1 -1 -1 
1607 160 338 271 108 93 -1 -1 -1 -1 
1608 153 500 165 24 19 -1 -1 -1 -1 
1608 154 332 144 101 94 -1 -1 -1 -1 
1608 159 473 185 34 36 -1 -1 -1 -1 
1608 160 338 271 108 93 -1 -1 -1 -1 
1609 153 504 163 21 21 -1 -1 -1 -1 
1609 154 342 142 96 88 -1 -1 -1 -1 
1609 159 476 182 33 34 -1 -1 -1 -1 
1609 160 358 258 97 83 -1 -1 -1 -1 
1609 163 6 208 102 56 -1 -1 -1 -1 
1610 153 506 164 20 18 -1 -1 -1 -1 
1610 154 349 142 91 86 -1 -1 -1 -1 
1610 159 479 181 32 31 -1 -1 -1 -1 
1610 160 377 249 85 76 -1 -1 -1 -1 
1610 163 23 206 100 51 -1 -1 -1 -1 
1611 153 507 162 19 18 -1 -1 -1 -1 
1611 154 355 142 87 83 -1 -1 -1 -1 
1611 159 481 180 30 29 -1 -1 -1 -1 
1611 160 391 239 78 73 -1 -1 -1 -1 
1611 163 42 201 95 51 -1 -1 -1 -1 
1612 153 507 162 19 18 -1 -1 -1 -1 
1612 154 355 142 87 83 -1 -1 -1 -1 
1612 159 481 180 30 29 -1 -1 -1 -1 
1612 160 391 239 78 73 -1 -1 -1 -1 
1612 163 42 201 95 51 -1 -1 -1 -1 
1613 153 508 161 19 19 -1 -1 -1 -1 
1613 154 359 140 88 81 -1 -1 -1 -1 
1613 159 484 178 28 27 -1 -1 -1 -1 
1613 160 404 234 73 66 -1 -1 -1 -1 
1613 163 59 198 92 49 -1 -1 -1 -1 
1614 153 510 160 18 19 -1 -1 -1 -1 
1614 154 370 139 81 82 -1 -1 -1 -1 
1614 159 486 177 26 25 -1 -1 -1 -1 
1614 160 415 225 65 60 -1 -1 -1 -1 
1614 163 75 193 90 50 -1 -1 -1 -1 
1615 153 510 160 18 19 -1 -1 -1 -1 
1615 154 370 139 81 82 -1 -1 -1 -1 
1615 159 486 177 26 25 -1 -1 -1 -1 
1615 160 415 225 65 60 -1 -1 -1 -1 
1615 163 75 193 90 50 -1 -1 -1 -1 
1616 153 510 159 19 18 -1 -1 -1 -1 
1616 154 376 139 77 82 -1 -1 -1 -1 
1616 159 488 173 27 26 -1 -1 -1 -1 
1616 160 425 218 62 58 -1 -1 -1 -1 
1616 163 91 190 85 47 -1 -1 -1 -1 
1617 153 512 159 18 17 -1 -1 -1 -1 
1617 154 381 138 76 82 -1 -1 -1 -1 
1617 159 492 172 23 24 -1 -1 -1 -1 
1617 160 433 214 57 54 -1 -1 -1 -1 
1617 163 105 188 84 44 -1 -1 -1 -1 
1618 153 514 157 16 17 -1 -1 -1 -1 
1618 154 385 137 75 80 -1 -1 -1 -1 
1618 159 494 171 24 24 -1 -1 -1 -1 
1618 160 440 209 53 50 -1 -1 -1 -1 
1618 163 120 185 81 42 -1 -1 -1 -1 
1619 153 514 157 16 17 -1 -1 -1 -1 
1619 154 385 137 75 80 -1 -1 -1 -1 
1619 159 494 171 24 24 -1 -1 -1 -1 
1619 160 440 209 53 50 -1 -1 -1 -1 
1619 163 120 185 81 42 -1 -1 -1 -1 
1620 153 515 156 16 16 -1 -1 -1 -1 
1620 154 390 137 72 76 -1 -1 -1 -1 
1620 159 497 169 21 23 -1 -1 -1 -1 
1620 160 447 204 50 48 -1 -1 -1 -1 
1620 163 133 182 78 42 -1 -1 -1 -1 
1621 153 516 156 16 16 -1 -1 -1 -1 
1621 154 394 136 68 73 -1 -1 -1 -1 
1621 159 499 168 20 23 -1 -1 -1 -1 
1621 160 447 204 50 48 -1 -1 -1 -1 
1622 153 517 155 16 16 -1 -1 -1 -1 
1622 154 397 135 67 71 -1 -1 -1 -1 
1622 159 499 167 21 22 -1 -1 -1 -1 
1622 163 157 177 68 41 -1 -1 -1 -1 
1623 153 517 155 16 16 -1 -1 -1 -1 
1623 154 397 135 67 71 -1 -1 -1 -1 
1623 159 499 167 21 22 -1 -1 -1 -1 
1623 163 157 177 68 41 -1 -1 -1 -1 
1624 153 518 155 16 15 -1 -1 -1 -1 
1624 154 403 135 65 69 -1 -1 -1 -1 
1624 159 499 167 22 19 -1 -1 -1 -1 
1624 163 170 175 61 39 -1 -1 -1 -1 
1625 153 518 153 17 15 -1 -1 -1 -1 
1625 154 409 134 61 67 -1 -1 -1 -1 
1625 159 500 165 21 20 -1 -1 -1 -1 
1625 163 180 175 52 35 -1 -1 -1 -1 
1626 153 518 153 17 15 -1 -1 -1 -1 
1628 168 483 127 30 41 -1 -1 -1 -1 
1629 168 483 127 30 41 -1 -1 -1 -1 
1630 168 484 127 31 40 -1 -1 -1 -1 
1631 168 485 127 30 40 -1 -1 -1 -1 
1632 168 485 127 30 40 -1 -1 -1 -1 
1633 168 487 126 28 40 -1 -1 -1 -1 
1634 168 488 127 27 38 -1 -1 -1 -1 
1635 168 488 127 27 38 -1 -1 -1 -1 
1636 168 489 127 26 38 -1 -1 -1 -1 
1637 168 489 127 26 38 -1 -1 -1 -1 
1638 168 490 128 26 36 -1 -1 -1 -1 
1639 168 492 128 26 36 -1 -1 -1 -1 
1640 168 492 128 26 36 -1 -1 -1 -1 
1641 168 492 128 27 36 -1 -1 -1 -1 
1651 168 496 130 26 32 -1 -1 -1 -1 
1652 168 497 129 26 33 -1 -1 -1 -1 
1653 168 497 129 26 33 -1 -1 -1 -1 
