4 6 342 114 18 14 -1 -1 -1 -1 
5 6 345 116 18 15 -1 -1 -1 -1 
6 6 350 123 18 15 -1 -1 -1 -1 
7 6 256 134 18 15 -1 -1 -1 -1 
8 6 261 128 18 13 -1 -1 -1 -1 
9 6 266 125 18 13 -1 -1 -1 -1 
10 6 272 121 17 12 -1 -1 -1 -1 
11 6 277 116 13 12 -1 -1 -1 -1 
12 6 280 113 12 13 -1 -1 -1 -1 
13 6 280 113 12 13 -1 -1 -1 -1 
17 6 270 134 19 15 -1 -1 -1 -1 
18 6 276 126 17 15 -1 -1 -1 -1 
19 6 281 123 15 12 -1 -1 -1 -1 
20 6 244 133 18 15 -1 -1 -1 -1 
21 6 252 128 16 14 -1 -1 -1 -1 
22 6 257 126 17 12 -1 -1 -1 -1 
23 6 263 121 16 12 -1 -1 -1 -1 
24 6 267 118 14 11 -1 -1 -1 -1 
25 6 272 115 15 10 -1 -1 -1 -1 
26 6 273 112 14 11 -1 -1 -1 -1 
27 6 273 112 14 11 -1 -1 -1 -1 
32 39 381 128 18 18 -1 -1 -1 -1 
33 6 274 129 18 16 -1 -1 -1 -1 
33 39 385 133 22 21 -1 -1 -1 -1 
34 6 279 123 16 15 -1 -1 -1 -1 
34 39 396 139 22 23 -1 -1 -1 -1 
35 6 283 118 16 15 -1 -1 -1 -1 
35 39 403 147 32 28 -1 -1 -1 -1 
36 6 287 115 14 13 -1 -1 -1 -1 
36 39 415 157 38 33 -1 -1 -1 -1 
36 42 353 129 19 20 -1 -1 -1 -1 
37 6 287 115 14 13 -1 -1 -1 -1 
37 39 415 157 38 33 -1 -1 -1 -1 
38 42 364 145 29 30 -1 -1 -1 -1 
39 42 364 145 29 30 -1 -1 -1 -1 
145 6 250 154 25 23 -1 -1 -1 -1 
146 6 253 149 25 20 -1 -1 -1 -1 
147 6 259 144 21 18 -1 -1 -1 -1 
148 6 264 138 19 19 -1 -1 -1 -1 
149 6 266 136 19 15 -1 -1 -1 -1 
150 6 271 132 17 14 -1 -1 -1 -1 
151 6 272 129 18 13 -1 -1 -1 -1 
152 6 275 127 17 12 -1 -1 -1 -1 
153 6 276 123 19 13 -1 -1 -1 -1 
154 6 279 122 16 11 -1 -1 -1 -1 
155 6 283 121 12 9 -1 -1 -1 -1 
156 6 284 117 13 11 -1 -1 -1 -1 
161 6 284 117 13 11 -1 -1 -1 -1 
165 66 162 188 97 98 -1 -1 -1 -1 
165 67 84 180 94 93 -1 -1 -1 -1 
166 66 184 175 82 84 -1 -1 -1 -1 
166 67 109 170 79 84 -1 -1 -1 -1 
167 66 201 164 71 73 -1 -1 -1 -1 
167 67 129 163 71 75 -1 -1 -1 -1 
168 66 215 156 59 63 -1 -1 -1 -1 
168 67 145 154 64 70 -1 -1 -1 -1 
169 66 228 151 50 56 -1 -1 -1 -1 
169 67 159 147 58 67 -1 -1 -1 -1 
170 66 234 145 47 50 -1 -1 -1 -1 
170 67 170 142 52 61 -1 -1 -1 -1 
171 66 243 141 42 49 -1 -1 -1 -1 
171 67 183 137 46 55 -1 -1 -1 -1 
172 66 251 134 35 45 -1 -1 -1 -1 
172 67 188 134 48 50 -1 -1 -1 -1 
173 66 255 131 34 40 -1 -1 -1 -1 
173 67 197 132 41 47 -1 -1 -1 -1 
174 66 255 131 34 40 -1 -1 -1 -1 
174 67 205 129 38 45 -1 -1 -1 -1 
175 67 212 125 35 43 -1 -1 -1 -1 
176 67 217 124 33 38 -1 -1 -1 -1 
176 68 267 125 26 30 -1 -1 -1 -1 
177 67 222 124 31 34 -1 -1 -1 -1 
177 68 270 124 25 26 -1 -1 -1 -1 
178 67 229 120 28 33 -1 -1 -1 -1 
178 68 275 122 22 23 -1 -1 -1 -1 
179 67 233 118 26 31 -1 -1 -1 -1 
179 68 276 122 21 20 -1 -1 -1 -1 
180 67 236 116 26 29 -1 -1 -1 -1 
181 67 240 116 25 27 -1 -1 -1 -1 
181 68 280 119 19 17 -1 -1 -1 -1 
182 67 243 113 25 28 -1 -1 -1 -1 
182 68 284 116 16 18 -1 -1 -1 -1 
183 67 247 111 23 28 -1 -1 -1 -1 
183 68 285 114 17 18 -1 -1 -1 -1 
184 67 250 111 22 26 -1 -1 -1 -1 
184 68 286 114 17 17 -1 -1 -1 -1 
185 67 252 111 21 25 -1 -1 -1 -1 
185 68 287 113 16 17 -1 -1 -1 -1 
186 67 255 111 19 23 -1 -1 -1 -1 
186 68 288 112 16 17 -1 -1 -1 -1 
187 67 255 111 19 23 -1 -1 -1 -1 
187 68 288 112 16 17 -1 -1 -1 -1 
189 68 262 108 17 19 -1 -1 -1 -1 
189 74 165 193 56 50 -1 -1 -1 -1 
190 68 264 106 16 18 -1 -1 -1 -1 
190 74 187 179 46 40 -1 -1 -1 -1 
191 68 266 107 16 16 -1 -1 -1 -1 
191 74 199 172 38 35 -1 -1 -1 -1 
192 68 268 107 15 15 -1 -1 -1 -1 
192 74 210 165 34 30 -1 -1 -1 -1 
193 68 270 106 15 14 -1 -1 -1 -1 
193 74 217 157 33 29 -1 -1 -1 -1 
194 68 270 104 16 15 -1 -1 -1 -1 
194 74 226 152 29 27 -1 -1 -1 -1 
195 68 272 104 15 14 -1 -1 -1 -1 
195 74 232 147 28 25 -1 -1 -1 -1 
196 68 274 104 15 13 -1 -1 -1 -1 
196 74 238 144 25 22 -1 -1 -1 -1 
197 68 276 104 13 12 -1 -1 -1 -1 
197 74 244 140 22 21 -1 -1 -1 -1 
198 68 276 102 14 14 -1 -1 -1 -1 
198 74 249 135 21 21 -1 -1 -1 -1 
199 68 277 102 13 13 -1 -1 -1 -1 
199 74 252 132 19 19 -1 -1 -1 -1 
200 68 277 102 13 13 -1 -1 -1 -1 
200 74 255 131 19 18 -1 -1 -1 -1 
201 74 259 129 18 16 -1 -1 -1 -1 
201 77 388 108 10 8 -1 -1 -1 -1 
202 74 261 126 18 15 -1 -1 -1 -1 
202 77 388 107 12 9 -1 -1 -1 -1 
203 74 264 124 17 15 -1 -1 -1 -1 
203 77 389 107 11 9 -1 -1 -1 -1 
204 68 392 109 9 8 -1 -1 -1 -1 
204 74 268 123 16 14 -1 -1 -1 -1 
204 77 348 106 13 11 -1 -1 -1 -1 
205 68 393 109 10 9 -1 -1 -1 -1 
205 74 271 119 18 15 -1 -1 -1 -1 
205 77 348 107 14 11 -1 -1 -1 -1 
206 68 393 109 10 9 -1 -1 -1 -1 
206 74 273 117 16 15 -1 -1 -1 -1 
206 77 392 108 13 12 -1 -1 -1 -1 
207 74 275 115 15 14 -1 -1 -1 -1 
207 77 348 108 15 14 -1 -1 -1 -1 
208 74 279 116 11 11 -1 -1 -1 -1 
208 77 395 109 12 12 -1 -1 -1 -1 
209 74 281 116 10 11 -1 -1 -1 -1 
209 77 351 111 14 15 -1 -1 -1 -1 
210 74 281 116 10 11 -1 -1 -1 -1 
210 77 351 113 16 14 -1 -1 -1 -1 
210 85 229 148 27 23 -1 -1 -1 -1 
211 77 353 116 16 13 -1 -1 -1 -1 
211 85 237 142 23 19 -1 -1 -1 -1 
211 87 399 114 14 13 -1 -1 -1 -1 
212 77 354 117 18 15 -1 -1 -1 -1 
212 85 243 137 19 17 -1 -1 -1 -1 
212 87 402 115 13 12 -1 -1 -1 -1 
213 77 357 120 17 15 -1 -1 -1 -1 
213 85 246 135 20 15 -1 -1 -1 -1 
213 87 403 115 14 13 -1 -1 -1 -1 
214 74 287 106 10 11 -1 -1 -1 -1 
214 77 359 122 17 15 -1 -1 -1 -1 
214 85 251 130 17 14 -1 -1 -1 -1 
214 87 405 116 13 13 -1 -1 -1 -1 
215 74 289 104 11 12 -1 -1 -1 -1 
215 77 361 124 19 18 -1 -1 -1 -1 
215 85 255 127 15 13 -1 -1 -1 -1 
215 87 407 120 15 10 -1 -1 -1 -1 
216 74 289 104 11 12 -1 -1 -1 -1 
216 77 363 126 22 20 -1 -1 -1 -1 
216 85 258 127 15 11 -1 -1 -1 -1 
217 77 368 128 20 24 -1 -1 -1 -1 
217 85 260 124 15 11 -1 -1 -1 -1 
217 87 411 121 17 14 -1 -1 -1 -1 
218 77 370 132 23 23 -1 -1 -1 -1 
218 85 262 120 15 11 -1 -1 -1 -1 
218 87 413 121 16 15 -1 -1 -1 -1 
219 77 373 136 26 25 -1 -1 -1 -1 
219 85 264 118 13 12 -1 -1 -1 -1 
219 87 416 122 16 14 -1 -1 -1 -1 
220 77 379 143 31 28 -1 -1 -1 -1 
220 85 264 118 13 12 -1 -1 -1 -1 
220 87 418 125 18 14 -1 -1 -1 -1 
221 77 384 148 33 31 -1 -1 -1 -1 
221 87 420 125 20 17 -1 -1 -1 -1 
222 77 387 154 39 36 -1 -1 -1 -1 
222 87 422 126 22 18 -1 -1 -1 -1 
223 77 394 160 43 40 -1 -1 -1 -1 
223 87 426 129 21 17 -1 -1 -1 -1 
224 77 394 160 43 40 -1 -1 -1 -1 
224 85 273 110 13 9 -1 -1 -1 -1 
224 87 431 130 22 19 -1 -1 -1 -1 
225 85 273 110 13 9 -1 -1 -1 -1 
225 87 431 130 22 19 -1 -1 -1 -1 
227 98 448 139 28 25 -1 -1 -1 -1 
228 98 452 145 30 22 -1 -1 -1 -1 
228 101 248 148 30 28 -1 -1 -1 -1 
229 98 457 143 32 27 -1 -1 -1 -1 
229 101 252 143 28 26 -1 -1 -1 -1 
230 98 463 145 32 30 -1 -1 -1 -1 
230 101 257 137 25 23 -1 -1 -1 -1 
230 103 0 242 92 191 -1 -1 -1 -1 
231 98 467 149 35 30 -1 -1 -1 -1 
231 101 262 135 22 21 -1 -1 -1 -1 
231 103 0 235 106 187 -1 -1 -1 -1 
232 98 472 153 39 31 -1 -1 -1 -1 
232 101 265 131 20 20 -1 -1 -1 -1 
232 103 0 220 119 188 -1 -1 -1 -1 
233 98 480 154 37 34 -1 -1 -1 -1 
233 101 269 129 19 18 -1 -1 -1 -1 
233 103 0 210 130 188 -1 -1 -1 -1 
234 98 485 160 41 34 -1 -1 -1 -1 
234 101 271 127 19 16 -1 -1 -1 -1 
234 103 0 200 143 169 -1 -1 -1 -1 
235 98 488 166 47 35 -1 -1 -1 -1 
235 101 274 125 17 14 -1 -1 -1 -1 
235 103 1 192 150 153 -1 -1 -1 -1 
236 98 502 172 44 36 -1 -1 -1 -1 
236 101 276 123 18 13 -1 -1 -1 -1 
236 103 7 185 154 138 -1 -1 -1 -1 
237 74 278 119 16 16 -1 -1 -1 -1 
237 98 506 173 50 42 -1 -1 -1 -1 
237 101 276 123 18 13 -1 -1 -1 -1 
237 103 26 179 142 132 -1 -1 -1 -1 
238 74 281 118 14 13 -1 -1 -1 -1 
238 98 522 182 53 46 -1 -1 -1 -1 
238 103 47 168 134 117 -1 -1 -1 -1 
239 74 283 115 15 14 -1 -1 -1 -1 
239 98 531 184 57 55 -1 -1 -1 -1 
239 103 66 166 121 107 -1 -1 -1 -1 
