3 1 55 231 95 73 -1 -1 -1 -1 
4 1 55 231 95 73 -1 -1 -1 -1 
5 1 56 230 98 76 -1 -1 -1 -1 
6 1 60 232 103 74 -1 -1 -1 -1 
7 1 60 232 103 74 -1 -1 -1 -1 
8 1 62 233 105 74 -1 -1 -1 -1 
9 1 66 233 107 75 -1 -1 -1 -1 
10 1 68 233 109 76 -1 -1 -1 -1 
11 1 69 234 115 76 -1 -1 -1 -1 
12 1 69 234 115 76 -1 -1 -1 -1 
12 4 575 150 13 13 -1 -1 -1 -1 
13 1 74 234 115 78 -1 -1 -1 -1 
14 1 75 235 119 77 -1 -1 -1 -1 
15 1 80 234 120 78 -1 -1 -1 -1 
16 1 82 235 124 78 -1 -1 -1 -1 
16 4 577 155 12 15 -1 -1 -1 -1 
17 1 82 235 124 78 -1 -1 -1 -1 
17 4 577 155 12 15 -1 -1 -1 -1 
18 1 87 235 125 79 -1 -1 -1 -1 
18 4 577 154 12 16 -1 -1 -1 -1 
19 1 97 237 127 77 -1 -1 -1 -1 
19 4 577 157 12 16 -1 -1 -1 -1 
20 1 97 237 127 77 -1 -1 -1 -1 
20 4 577 157 12 16 -1 -1 -1 -1 
20 5 598 168 14 15 -1 -1 -1 -1 
21 1 101 237 130 77 -1 -1 -1 -1 
21 4 577 157 12 17 -1 -1 -1 -1 
21 5 600 173 13 10 -1 -1 -1 -1 
22 1 104 237 133 77 -1 -1 -1 -1 
22 4 577 160 13 16 -1 -1 -1 -1 
22 5 601 175 12 9 -1 -1 -1 -1 
23 1 111 238 131 75 -1 -1 -1 -1 
23 4 577 162 16 15 -1 -1 -1 -1 
23 5 600 175 16 12 -1 -1 -1 -1 
24 1 116 239 132 73 -1 -1 -1 -1 
24 4 578 162 16 18 -1 -1 -1 -1 
24 5 601 175 16 13 -1 -1 -1 -1 
25 1 116 239 132 73 -1 -1 -1 -1 
25 4 578 162 16 18 -1 -1 -1 -1 
25 5 601 175 16 13 -1 -1 -1 -1 
26 1 122 241 131 70 -1 -1 -1 -1 
26 4 578 164 16 17 -1 -1 -1 -1 
26 5 603 177 16 13 -1 -1 -1 -1 
27 1 127 239 133 73 -1 -1 -1 -1 
27 4 578 166 17 16 -1 -1 -1 -1 
27 5 604 178 16 13 -1 -1 -1 -1 
28 1 135 240 130 70 -1 -1 -1 -1 
28 4 578 167 18 17 -1 -1 -1 -1 
28 5 606 178 15 14 -1 -1 -1 -1 
29 1 142 240 129 69 -1 -1 -1 -1 
29 4 580 167 18 21 -1 -1 -1 -1 
29 5 606 178 15 15 -1 -1 -1 -1 
30 1 142 240 129 69 -1 -1 -1 -1 
30 4 580 167 18 21 -1 -1 -1 -1 
30 5 606 178 15 15 -1 -1 -1 -1 
31 1 146 241 133 67 -1 -1 -1 -1 
31 4 580 168 18 22 -1 -1 -1 -1 
31 5 607 178 15 18 -1 -1 -1 -1 
32 1 153 241 132 66 -1 -1 -1 -1 
32 4 581 169 19 21 -1 -1 -1 -1 
32 5 607 177 16 20 -1 -1 -1 -1 
33 1 161 242 128 64 -1 -1 -1 -1 
33 4 583 172 18 21 -1 -1 -1 -1 
33 5 608 182 17 16 -1 -1 -1 -1 
34 1 168 242 127 64 -1 -1 -1 -1 
34 4 583 174 19 23 -1 -1 -1 -1 
34 5 608 182 19 19 -1 -1 -1 -1 
35 1 176 241 126 65 -1 -1 -1 -1 
35 4 585 175 20 26 -1 -1 -1 -1 
35 5 610 186 17 16 -1 -1 -1 -1 
36 1 176 241 126 65 -1 -1 -1 -1 
36 4 585 175 20 26 -1 -1 -1 -1 
36 5 610 186 17 16 -1 -1 -1 -1 
37 1 181 241 125 64 -1 -1 -1 -1 
37 4 585 175 20 26 -1 -1 -1 -1 
38 1 186 238 128 66 -1 -1 -1 -1 
38 5 612 190 21 17 -1 -1 -1 -1 
39 1 190 237 128 66 -1 -1 -1 -1 
39 4 589 182 21 27 -1 -1 -1 -1 
39 5 613 191 20 19 -1 -1 -1 -1 
40 1 197 236 125 67 -1 -1 -1 -1 
40 4 589 185 24 28 -1 -1 -1 -1 
40 5 615 192 21 19 -1 -1 -1 -1 
41 1 204 236 124 67 -1 -1 -1 -1 
41 4 589 187 28 31 -1 -1 -1 -1 
41 5 618 191 20 22 -1 -1 -1 -1 
42 1 209 235 124 67 -1 -1 -1 -1 
42 4 591 191 29 32 -1 -1 -1 -1 
42 5 619 191 20 24 -1 -1 -1 -1 
43 1 216 234 121 66 -1 -1 -1 -1 
43 4 593 195 30 34 -1 -1 -1 -1 
43 5 621 193 18 23 -1 -1 -1 -1 
44 1 222 234 121 64 -1 -1 -1 -1 
44 4 597 197 28 38 -1 -1 -1 -1 
45 1 229 234 118 64 -1 -1 -1 -1 
45 4 598 200 37 41 -1 -1 -1 -1 
46 1 229 234 118 64 -1 -1 -1 -1 
46 4 598 200 37 41 -1 -1 -1 -1 
47 1 234 234 117 63 -1 -1 -1 -1 
47 4 601 206 36 43 -1 -1 -1 -1 
48 1 234 234 117 63 -1 -1 -1 -1 
48 4 601 206 36 43 -1 -1 -1 -1 
49 1 240 234 116 61 -1 -1 -1 -1 
49 4 602 211 37 47 -1 -1 -1 -1 
50 1 246 232 114 62 -1 -1 -1 -1 
50 4 604 211 35 56 -1 -1 -1 -1 
51 1 246 232 114 62 -1 -1 -1 -1 
51 4 604 211 35 56 -1 -1 -1 -1 
52 1 251 231 111 61 -1 -1 -1 -1 
52 4 606 203 33 73 -1 -1 -1 -1 
53 1 259 231 105 61 -1 -1 -1 -1 
53 4 611 234 28 53 -1 -1 -1 -1 
54 1 259 231 105 61 -1 -1 -1 -1 
54 4 611 234 28 53 -1 -1 -1 -1 
55 1 264 229 103 59 -1 -1 -1 -1 
55 4 614 245 25 57 -1 -1 -1 -1 
56 1 270 227 101 60 -1 -1 -1 -1 
57 1 270 227 101 60 -1 -1 -1 -1 
58 1 275 225 100 61 -1 -1 -1 -1 
59 1 275 225 100 61 -1 -1 -1 -1 
60 1 282 225 95 59 -1 -1 -1 -1 
61 1 286 224 93 58 -1 -1 -1 -1 
62 1 286 224 93 58 -1 -1 -1 -1 
63 1 291 225 92 56 -1 -1 -1 -1 
64 1 296 223 88 56 -1 -1 -1 -1 
65 1 296 223 88 56 -1 -1 -1 -1 
66 1 302 222 85 55 -1 -1 -1 -1 
67 1 307 220 82 54 -1 -1 -1 -1 
68 1 307 220 82 54 -1 -1 -1 -1 
69 1 313 218 79 52 -1 -1 -1 -1 
70 1 317 216 78 53 -1 -1 -1 -1 
71 1 317 216 78 53 -1 -1 -1 -1 
72 1 321 216 75 51 -1 -1 -1 -1 
73 1 321 216 75 51 -1 -1 -1 -1 
74 1 325 215 74 49 -1 -1 -1 -1 
75 1 329 215 71 48 -1 -1 -1 -1 
76 1 329 215 71 48 -1 -1 -1 -1 
77 1 333 211 69 50 -1 -1 -1 -1 
78 1 337 211 68 48 -1 -1 -1 -1 
79 1 337 211 68 48 -1 -1 -1 -1 
80 1 339 210 66 47 -1 -1 -1 -1 
81 1 339 210 66 47 -1 -1 -1 -1 
82 1 344 208 64 48 -1 -1 -1 -1 
83 1 348 207 63 47 -1 -1 -1 -1 
84 1 348 207 63 47 -1 -1 -1 -1 
85 1 352 206 61 45 -1 -1 -1 -1 
86 1 355 207 61 42 -1 -1 -1 -1 
87 1 355 207 61 42 -1 -1 -1 -1 
88 1 358 204 60 44 -1 -1 -1 -1 
89 1 360 204 60 43 -1 -1 -1 -1 
90 1 364 203 57 42 -1 -1 -1 -1 
91 1 364 203 57 42 -1 -1 -1 -1 
92 1 367 202 54 41 -1 -1 -1 -1 
93 1 369 201 54 40 -1 -1 -1 -1 
94 1 369 201 54 40 -1 -1 -1 -1 
95 1 373 201 52 38 -1 -1 -1 -1 
96 1 375 200 52 37 -1 -1 -1 -1 
97 1 375 200 52 37 -1 -1 -1 -1 
98 1 378 199 52 37 -1 -1 -1 -1 
99 1 378 199 52 37 -1 -1 -1 -1 
100 1 381 198 50 37 -1 -1 -1 -1 
101 1 385 197 48 36 -1 -1 -1 -1 
102 1 386 195 48 35 -1 -1 -1 -1 
103 1 386 195 48 35 -1 -1 -1 -1 
104 1 388 195 48 33 -1 -1 -1 -1 
105 1 391 193 47 34 -1 -1 -1 -1 
106 1 394 192 47 33 -1 -1 -1 -1 
107 1 394 192 47 33 -1 -1 -1 -1 
108 1 397 192 45 32 -1 -1 -1 -1 
109 1 399 191 44 31 -1 -1 -1 -1 
110 1 399 191 44 31 -1 -1 -1 -1 
111 1 401 189 45 32 -1 -1 -1 -1 
114 1 406 188 41 30 -1 -1 -1 -1 
119 1 411 185 40 30 -1 -1 -1 -1 
120 1 414 183 38 31 -1 -1 -1 -1 
121 1 417 183 36 27 -1 -1 -1 -1 
122 1 417 183 36 27 -1 -1 -1 -1 
123 1 418 182 36 27 -1 -1 -1 -1 
124 1 418 182 36 27 -1 -1 -1 -1 
125 1 419 182 37 26 -1 -1 -1 -1 
