3 2 585 162 16 22 -1 -1 -1 -1 
3 3 595 184 20 25 -1 -1 -1 -1 
3 4 515 148 17 18 -1 -1 -1 -1 
4 2 585 163 16 23 -1 -1 -1 -1 
4 3 595 184 21 26 -1 -1 -1 -1 
4 4 517 147 17 19 -1 -1 -1 -1 
5 2 585 164 16 23 -1 -1 -1 -1 
5 3 596 185 22 28 -1 -1 -1 -1 
5 4 518 146 16 18 -1 -1 -1 -1 
5 8 242 312 153 121 -1 -1 -1 -1 
6 2 585 165 17 23 -1 -1 -1 -1 
6 3 595 188 25 29 -1 -1 -1 -1 
6 4 519 145 16 18 -1 -1 -1 -1 
6 8 282 293 131 107 -1 -1 -1 -1 
7 2 585 164 18 26 -1 -1 -1 -1 
7 3 597 192 25 27 -1 -1 -1 -1 
7 4 520 145 16 17 -1 -1 -1 -1 
7 8 314 273 115 98 -1 -1 -1 -1 
8 2 585 168 19 25 -1 -1 -1 -1 
8 3 598 194 27 30 -1 -1 -1 -1 
8 4 521 145 15 17 -1 -1 -1 -1 
8 8 341 262 100 84 -1 -1 -1 -1 
9 2 585 169 20 25 -1 -1 -1 -1 
9 3 599 196 27 30 -1 -1 -1 -1 
9 4 522 145 15 15 -1 -1 -1 -1 
9 8 361 252 92 74 -1 -1 -1 -1 
10 2 585 169 20 25 -1 -1 -1 -1 
10 3 599 196 27 30 -1 -1 -1 -1 
10 4 522 145 15 15 -1 -1 -1 -1 
10 8 361 252 92 74 -1 -1 -1 -1 
11 2 585 169 21 27 -1 -1 -1 -1 
11 3 599 196 30 36 -1 -1 -1 -1 
11 4 522 145 15 15 -1 -1 -1 -1 
12 2 586 170 22 31 -1 -1 -1 -1 
12 3 602 204 30 35 -1 -1 -1 -1 
12 8 407 222 68 62 -1 -1 -1 -1 
13 2 586 170 22 31 -1 -1 -1 -1 
13 3 602 204 30 35 -1 -1 -1 -1 
13 8 407 222 68 62 -1 -1 -1 -1 
14 2 586 175 22 27 -1 -1 -1 -1 
14 3 603 206 31 34 -1 -1 -1 -1 
14 4 525 143 14 14 -1 -1 -1 -1 
14 8 418 217 65 54 -1 -1 -1 -1 
15 2 586 171 24 34 -1 -1 -1 -1 
15 3 605 211 32 33 -1 -1 -1 -1 
15 4 526 142 13 14 -1 -1 -1 -1 
15 8 428 211 60 54 -1 -1 -1 -1 
16 2 588 175 22 33 -1 -1 -1 -1 
16 3 607 213 32 41 -1 -1 -1 -1 
16 4 527 142 12 13 -1 -1 -1 -1 
16 8 436 209 55 45 -1 -1 -1 -1 
17 2 589 177 22 34 -1 -1 -1 -1 
17 3 607 215 32 44 -1 -1 -1 -1 
17 4 527 142 12 13 -1 -1 -1 -1 
17 8 444 205 50 43 -1 -1 -1 -1 
18 2 589 177 22 34 -1 -1 -1 -1 
18 3 607 215 32 44 -1 -1 -1 -1 
18 8 444 205 50 43 -1 -1 -1 -1 
19 2 590 177 23 36 -1 -1 -1 -1 
19 3 609 190 30 75 -1 -1 -1 -1 
19 8 451 201 47 40 -1 -1 -1 -1 
20 2 589 178 26 38 -1 -1 -1 -1 
20 3 611 188 28 82 -1 -1 -1 -1 
20 8 458 198 45 37 -1 -1 -1 -1 
21 2 589 178 26 38 -1 -1 -1 -1 
22 8 469 188 38 37 -1 -1 -1 -1 
23 8 473 187 36 32 -1 -1 -1 -1 
24 8 475 185 37 30 -1 -1 -1 -1 
25 8 479 183 33 29 -1 -1 -1 -1 
26 8 479 183 33 29 -1 -1 -1 -1 
26 14 593 193 32 42 -1 -1 -1 -1 
26 15 599 178 19 18 -1 -1 -1 -1 
27 8 483 179 32 29 -1 -1 -1 -1 
27 14 594 199 33 41 -1 -1 -1 -1 
27 15 600 178 19 21 -1 -1 -1 -1 
28 8 487 176 29 29 -1 -1 -1 -1 
29 8 491 176 27 25 -1 -1 -1 -1 
29 15 602 182 22 24 -1 -1 -1 -1 
30 8 493 173 28 24 -1 -1 -1 -1 
30 15 602 185 23 25 -1 -1 -1 -1 
31 8 495 171 27 25 -1 -1 -1 -1 
31 15 603 186 23 27 -1 -1 -1 -1 
32 8 497 170 25 23 -1 -1 -1 -1 
32 15 603 189 26 28 -1 -1 -1 -1 
33 8 498 169 25 23 -1 -1 -1 -1 
33 15 603 190 27 30 -1 -1 -1 -1 
34 8 498 169 25 23 -1 -1 -1 -1 
34 15 603 190 27 30 -1 -1 -1 -1 
35 8 501 167 24 22 -1 -1 -1 -1 
35 15 604 192 29 32 -1 -1 -1 -1 
36 8 503 165 23 21 -1 -1 -1 -1 
36 15 606 193 30 38 -1 -1 -1 -1 
37 8 505 164 22 21 -1 -1 -1 -1 
37 15 606 196 32 39 -1 -1 -1 -1 
38 8 507 163 21 19 -1 -1 -1 -1 
38 15 608 199 31 37 -1 -1 -1 -1 
39 8 510 162 19 19 -1 -1 -1 -1 
39 15 610 201 29 39 -1 -1 -1 -1 
40 8 510 162 19 19 -1 -1 -1 -1 
40 15 610 201 29 39 -1 -1 -1 -1 
41 8 510 162 20 18 -1 -1 -1 -1 
41 15 611 205 28 40 -1 -1 -1 -1 
42 8 511 161 19 17 -1 -1 -1 -1 
42 15 612 207 27 43 -1 -1 -1 -1 
43 8 512 159 19 17 -1 -1 -1 -1 
43 15 612 207 27 43 -1 -1 -1 -1 
44 8 513 158 19 17 -1 -1 -1 -1 
45 8 513 158 19 17 -1 -1 -1 -1 
46 8 516 158 18 17 -1 -1 -1 -1 
47 8 517 157 17 16 -1 -1 -1 -1 
48 8 518 156 16 15 -1 -1 -1 -1 
49 8 519 156 16 14 -1 -1 -1 -1 
50 8 519 155 16 14 -1 -1 -1 -1 
51 8 521 154 15 14 -1 -1 -1 -1 
52 8 521 154 15 14 -1 -1 -1 -1 
53 8 521 152 15 14 -1 -1 -1 -1 
120 8 521 152 15 14 -1 -1 -1 -1 
122 21 597 164 13 16 -1 -1 -1 -1 
123 21 597 166 13 14 -1 -1 -1 -1 
124 21 596 167 14 14 -1 -1 -1 -1 
125 21 596 167 14 14 -1 -1 -1 -1 
126 21 597 167 14 14 -1 -1 -1 -1 
126 22 161 369 190 108 -1 -1 -1 -1 
127 21 597 167 15 16 -1 -1 -1 -1 
127 22 213 340 165 129 -1 -1 -1 -1 
128 21 597 167 15 16 -1 -1 -1 -1 
128 22 213 340 165 129 -1 -1 -1 -1 
129 21 597 168 15 16 -1 -1 -1 -1 
129 22 257 318 143 115 -1 -1 -1 -1 
130 21 598 169 15 16 -1 -1 -1 -1 
130 22 291 300 125 98 -1 -1 -1 -1 
131 21 598 169 15 16 -1 -1 -1 -1 
131 22 291 300 125 98 -1 -1 -1 -1 
132 21 599 170 15 16 -1 -1 -1 -1 
132 22 320 283 110 90 -1 -1 -1 -1 
133 21 600 172 15 16 -1 -1 -1 -1 
133 22 345 267 97 83 -1 -1 -1 -1 
134 21 600 172 15 16 -1 -1 -1 -1 
134 22 345 267 97 83 -1 -1 -1 -1 
135 21 601 174 15 16 -1 -1 -1 -1 
135 22 366 256 87 72 -1 -1 -1 -1 
136 21 601 174 17 18 -1 -1 -1 -1 
136 22 381 245 81 69 -1 -1 -1 -1 
137 21 601 174 17 18 -1 -1 -1 -1 
137 22 381 245 81 69 -1 -1 -1 -1 
138 21 603 175 17 17 -1 -1 -1 -1 
138 22 395 238 75 61 -1 -1 -1 -1 
139 21 603 175 18 20 -1 -1 -1 -1 
139 22 406 228 70 58 -1 -1 -1 -1 
140 21 603 175 18 20 -1 -1 -1 -1 
140 22 406 228 70 58 -1 -1 -1 -1 
141 21 604 175 17 22 -1 -1 -1 -1 
141 22 419 222 62 54 -1 -1 -1 -1 
142 21 606 177 17 21 -1 -1 -1 -1 
142 22 428 217 59 49 -1 -1 -1 -1 
143 21 606 177 17 21 -1 -1 -1 -1 
143 22 428 217 59 49 -1 -1 -1 -1 
144 21 606 177 18 23 -1 -1 -1 -1 
144 22 434 210 56 48 -1 -1 -1 -1 
145 21 607 180 19 22 -1 -1 -1 -1 
145 22 444 208 48 41 -1 -1 -1 -1 
146 21 607 180 19 22 -1 -1 -1 -1 
146 22 444 208 48 41 -1 -1 -1 -1 
147 21 607 183 20 21 -1 -1 -1 -1 
147 22 451 206 44 38 -1 -1 -1 -1 
148 21 608 183 20 23 -1 -1 -1 -1 
148 22 458 201 42 36 -1 -1 -1 -1 
149 21 608 183 20 23 -1 -1 -1 -1 
149 22 458 201 42 36 -1 -1 -1 -1 
150 21 609 185 20 22 -1 -1 -1 -1 
150 22 462 198 41 34 -1 -1 -1 -1 
151 21 610 187 22 23 -1 -1 -1 -1 
151 22 467 194 39 33 -1 -1 -1 -1 
152 21 612 188 23 25 -1 -1 -1 -1 
152 22 472 189 36 33 -1 -1 -1 -1 
153 21 614 190 23 25 -1 -1 -1 -1 
153 22 475 187 36 31 -1 -1 -1 -1 
154 21 614 190 23 25 -1 -1 -1 -1 
154 22 475 187 36 31 -1 -1 -1 -1 
155 21 615 191 23 29 -1 -1 -1 -1 
155 22 479 187 33 28 -1 -1 -1 -1 
156 21 615 193 24 30 -1 -1 -1 -1 
156 22 483 184 31 26 -1 -1 -1 -1 
157 21 617 196 22 29 -1 -1 -1 -1 
157 22 486 182 29 25 -1 -1 -1 -1 
158 21 617 196 22 29 -1 -1 -1 -1 
158 22 486 182 29 25 -1 -1 -1 -1 
159 21 619 196 20 34 -1 -1 -1 -1 
159 22 490 180 27 24 -1 -1 -1 -1 
160 21 619 199 20 34 -1 -1 -1 -1 
160 22 493 175 27 26 -1 -1 -1 -1 
161 21 619 199 20 34 -1 -1 -1 -1 
161 22 493 175 27 26 -1 -1 -1 -1 
162 21 623 201 16 34 -1 -1 -1 -1 
162 22 495 174 27 24 -1 -1 -1 -1 
163 21 624 203 15 37 -1 -1 -1 -1 
163 22 498 172 25 24 -1 -1 -1 -1 
164 21 624 203 15 37 -1 -1 -1 -1 
164 22 498 172 25 24 -1 -1 -1 -1 
164 24 72 395 252 82 -1 -1 -1 -1 
165 21 624 203 15 37 -1 -1 -1 -1 
165 22 499 171 24 23 -1 -1 -1 -1 
166 22 501 171 24 21 -1 -1 -1 -1 
166 24 205 331 178 143 -1 -1 -1 -1 
167 22 501 171 24 21 -1 -1 -1 -1 
167 24 205 331 178 143 -1 -1 -1 -1 
168 22 503 169 23 20 -1 -1 -1 -1 
168 24 253 303 153 125 -1 -1 -1 -1 
169 22 505 167 22 20 -1 -1 -1 -1 
169 24 293 285 132 107 -1 -1 -1 -1 
170 22 508 166 21 20 -1 -1 -1 -1 
170 24 324 263 117 99 -1 -1 -1 -1 
171 22 508 166 21 20 -1 -1 -1 -1 
171 24 324 263 117 99 -1 -1 -1 -1 
172 22 510 163 20 21 -1 -1 -1 -1 
172 24 350 254 103 85 -1 -1 -1 -1 
173 22 511 162 20 20 -1 -1 -1 -1 
173 24 372 242 90 78 -1 -1 -1 -1 
174 22 511 162 20 20 -1 -1 -1 -1 
174 24 372 242 90 78 -1 -1 -1 -1 
175 22 511 163 20 18 -1 -1 -1 -1 
175 24 389 231 83 75 -1 -1 -1 -1 
176 22 511 163 20 18 -1 -1 -1 -1 
176 24 389 231 83 75 -1 -1 -1 -1 
177 22 513 161 19 17 -1 -1 -1 -1 
177 24 405 224 73 69 -1 -1 -1 -1 
178 22 514 161 20 16 -1 -1 -1 -1 
178 24 416 217 68 61 -1 -1 -1 -1 
179 22 514 161 20 16 -1 -1 -1 -1 
179 24 416 217 68 61 -1 -1 -1 -1 
180 22 516 159 19 18 -1 -1 -1 -1 
180 24 428 210 62 59 -1 -1 -1 -1 
180 28 430 212 61 56 -1 -1 -1 -1 
181 22 517 157 18 18 -1 -1 -1 -1 
181 24 437 207 59 50 -1 -1 -1 -1 
181 28 436 207 59 51 -1 -1 -1 -1 
182 22 517 157 18 18 -1 -1 -1 -1 
182 24 437 207 59 50 -1 -1 -1 -1 
182 28 436 207 59 51 -1 -1 -1 -1 
183 22 518 156 18 18 -1 -1 -1 -1 
183 24 437 207 59 50 -1 -1 -1 -1 
184 22 518 156 18 18 -1 -1 -1 -1 
184 28 444 203 53 46 -1 -1 -1 -1 
185 22 519 156 18 17 -1 -1 -1 -1 
185 28 453 196 49 48 -1 -1 -1 -1 
186 22 520 155 17 16 -1 -1 -1 -1 
186 28 460 192 45 45 -1 -1 -1 -1 
187 22 520 155 17 16 -1 -1 -1 -1 
187 28 460 192 45 45 -1 -1 -1 -1 
187 29 459 193 45 42 -1 -1 -1 -1 
188 22 521 155 16 15 -1 -1 -1 -1 
188 28 465 188 42 42 -1 -1 -1 -1 
189 22 522 155 17 14 -1 -1 -1 -1 
189 28 470 187 39 39 -1 -1 -1 -1 
190 22 522 155 17 14 -1 -1 -1 -1 
190 28 470 187 39 39 -1 -1 -1 -1 
191 22 523 154 16 15 -1 -1 -1 -1 
191 28 474 185 38 36 -1 -1 -1 -1 
192 22 524 154 15 13 -1 -1 -1 -1 
192 28 478 182 37 34 -1 -1 -1 -1 
193 22 524 154 15 13 -1 -1 -1 -1 
193 28 478 182 37 34 -1 -1 -1 -1 
194 22 524 154 15 13 -1 -1 -1 -1 
195 28 485 177 31 32 -1 -1 -1 -1 
196 28 485 177 31 32 -1 -1 -1 -1 
197 28 489 173 31 32 -1 -1 -1 -1 
198 28 493 173 28 28 -1 -1 -1 -1 
199 28 496 170 26 28 -1 -1 -1 -1 
200 28 496 170 26 28 -1 -1 -1 -1 
201 22 530 146 15 15 -1 -1 -1 -1 
201 28 497 170 27 26 -1 -1 -1 -1 
202 22 530 146 15 15 -1 -1 -1 -1 
203 28 501 167 25 24 -1 -1 -1 -1 
204 28 501 167 25 24 -1 -1 -1 -1 
205 28 505 163 23 25 -1 -1 -1 -1 
206 28 506 162 23 24 -1 -1 -1 -1 
207 28 506 162 23 24 -1 -1 -1 -1 
208 28 509 161 21 23 -1 -1 -1 -1 
209 28 510 160 21 22 -1 -1 -1 -1 
210 28 510 160 21 22 -1 -1 -1 -1 
211 28 511 159 20 22 -1 -1 -1 -1 
212 28 513 158 19 21 -1 -1 -1 -1 
213 28 513 158 19 21 -1 -1 -1 -1 
214 28 515 156 20 23 -1 -1 -1 -1 
215 28 516 156 18 22 -1 -1 -1 -1 
216 28 516 156 18 22 -1 -1 -1 -1 
217 28 517 155 17 21 -1 -1 -1 -1 
218 28 518 155 17 18 -1 -1 -1 -1 
219 28 518 155 17 18 -1 -1 -1 -1 
220 28 520 154 17 17 -1 -1 -1 -1 
221 28 521 152 18 18 -1 -1 -1 -1 
222 28 521 152 18 18 -1 -1 -1 -1 
223 28 522 151 17 19 -1 -1 -1 -1 
224 28 522 149 16 19 -1 -1 -1 -1 
225 28 522 149 16 19 -1 -1 -1 -1 
226 28 523 150 15 17 -1 -1 -1 -1 
227 28 525 149 14 17 -1 -1 -1 -1 
228 28 525 149 14 17 -1 -1 -1 -1 
229 28 525 150 16 15 -1 -1 -1 -1 
229 31 66 377 238 101 -1 -1 -1 -1 
230 28 525 150 16 15 -1 -1 -1 -1 
231 31 137 346 203 132 -1 -1 -1 -1 
232 31 197 320 172 138 -1 -1 -1 -1 
233 31 243 295 149 121 -1 -1 -1 -1 
234 31 243 295 149 121 -1 -1 -1 -1 
235 31 282 275 129 107 -1 -1 -1 -1 
236 28 530 145 15 15 -1 -1 -1 -1 
236 31 314 261 111 97 -1 -1 -1 -1 
237 28 530 145 15 15 -1 -1 -1 -1 
237 31 314 261 111 97 -1 -1 -1 -1 
238 28 530 145 15 15 -1 -1 -1 -1 
239 31 361 239 89 77 -1 -1 -1 -1 
240 31 361 239 89 77 -1 -1 -1 -1 
241 31 378 230 80 71 -1 -1 -1 -1 
242 31 378 230 80 71 -1 -1 -1 -1 
243 31 393 223 74 62 -1 -1 -1 -1 
244 31 407 215 66 57 -1 -1 -1 -1 
245 31 407 215 66 57 -1 -1 -1 -1 
246 31 418 209 60 54 -1 -1 -1 -1 
247 31 428 207 57 47 -1 -1 -1 -1 
248 31 438 201 50 45 -1 -1 -1 -1 
249 31 438 201 50 45 -1 -1 -1 -1 
250 31 443 195 49 45 -1 -1 -1 -1 
250 32 444 196 48 44 -1 -1 -1 -1 
251 31 450 190 48 43 -1 -1 -1 -1 
252 31 450 190 48 43 -1 -1 -1 -1 
253 31 457 188 43 40 -1 -1 -1 -1 
254 31 462 186 41 36 -1 -1 -1 -1 
254 32 462 187 41 35 -1 -1 -1 -1 
255 31 462 186 41 36 -1 -1 -1 -1 
255 32 462 187 41 35 -1 -1 -1 -1 
256 31 462 186 41 36 -1 -1 -1 -1 
257 32 472 181 35 33 -1 -1 -1 -1 
258 32 472 181 35 33 -1 -1 -1 -1 
259 32 474 178 35 32 -1 -1 -1 -1 
260 32 480 176 32 30 -1 -1 -1 -1 
261 32 483 176 30 26 -1 -1 -1 -1 
262 32 483 176 30 26 -1 -1 -1 -1 
263 32 486 173 29 25 -1 -1 -1 -1 
264 32 489 172 27 24 -1 -1 -1 -1 
265 32 489 172 27 24 -1 -1 -1 -1 
266 32 492 169 26 24 -1 -1 -1 -1 
267 32 494 168 25 23 -1 -1 -1 -1 
268 32 494 168 25 23 -1 -1 -1 -1 
269 32 496 167 25 23 -1 -1 -1 -1 
270 32 496 167 25 23 -1 -1 -1 -1 
271 32 498 165 23 22 -1 -1 -1 -1 
272 32 500 163 23 22 -1 -1 -1 -1 
273 32 502 162 22 20 -1 -1 -1 -1 
274 32 502 162 22 20 -1 -1 -1 -1 
275 32 505 161 20 20 -1 -1 -1 -1 
276 32 506 160 20 19 -1 -1 -1 -1 
277 32 508 159 19 19 -1 -1 -1 -1 
278 32 508 159 19 19 -1 -1 -1 -1 
278 34 577 149 24 15 -1 -1 -1 -1 
279 32 510 158 18 19 -1 -1 -1 -1 
279 34 578 150 23 15 -1 -1 -1 -1 
280 32 511 155 19 19 -1 -1 -1 -1 
281 32 511 155 19 19 -1 -1 -1 -1 
282 32 512 155 18 19 -1 -1 -1 -1 
282 34 578 152 21 15 -1 -1 -1 -1 
283 32 512 155 18 19 -1 -1 -1 -1 
283 34 578 152 21 15 -1 -1 -1 -1 
284 32 513 155 18 17 -1 -1 -1 -1 
284 34 577 152 23 15 -1 -1 -1 -1 
285 32 515 154 17 17 -1 -1 -1 -1 
285 34 579 153 22 15 -1 -1 -1 -1 
286 32 515 154 17 17 -1 -1 -1 -1 
286 34 579 153 22 15 -1 -1 -1 -1 
286 35 1 354 190 121 -1 -1 -1 -1 
287 32 516 153 17 17 -1 -1 -1 -1 
287 34 579 155 22 13 -1 -1 -1 -1 
287 35 27 325 215 150 -1 -1 -1 -1 
288 32 517 152 16 16 -1 -1 -1 -1 
288 34 579 155 22 14 -1 -1 -1 -1 
288 35 98 298 185 124 -1 -1 -1 -1 
289 32 517 152 16 16 -1 -1 -1 -1 
289 34 579 155 22 14 -1 -1 -1 -1 
289 35 98 298 185 124 -1 -1 -1 -1 
290 32 518 151 16 16 -1 -1 -1 -1 
290 34 579 155 23 15 -1 -1 -1 -1 
290 35 158 276 161 108 -1 -1 -1 -1 
291 32 518 151 16 16 -1 -1 -1 -1 
291 34 579 155 23 15 -1 -1 -1 -1 
291 35 158 276 161 108 -1 -1 -1 -1 
292 32 519 151 15 15 -1 -1 -1 -1 
292 34 581 156 21 14 -1 -1 -1 -1 
292 35 209 257 137 95 -1 -1 -1 -1 
293 32 520 151 16 14 -1 -1 -1 -1 
293 34 582 157 19 14 -1 -1 -1 -1 
293 35 249 241 121 84 -1 -1 -1 -1 
294 32 521 149 16 15 -1 -1 -1 -1 
294 34 581 157 19 14 -1 -1 -1 -1 
294 35 282 231 103 74 -1 -1 -1 -1 
295 32 521 149 16 15 -1 -1 -1 -1 
295 34 581 157 19 14 -1 -1 -1 -1 
295 35 282 231 103 74 -1 -1 -1 -1 
296 32 521 148 16 15 -1 -1 -1 -1 
296 34 580 157 19 15 -1 -1 -1 -1 
296 35 308 221 92 69 -1 -1 -1 -1 
297 32 522 148 16 14 -1 -1 -1 -1 
297 34 580 157 17 16 -1 -1 -1 -1 
297 35 332 212 82 62 -1 -1 -1 -1 
298 32 522 148 16 14 -1 -1 -1 -1 
298 34 580 157 17 16 -1 -1 -1 -1 
298 35 332 212 82 62 -1 -1 -1 -1 
299 32 522 148 16 14 -1 -1 -1 -1 
299 34 580 158 17 16 -1 -1 -1 -1 
300 34 581 159 17 16 -1 -1 -1 -1 
300 35 366 199 70 53 -1 -1 -1 -1 
301 34 581 159 19 18 -1 -1 -1 -1 
301 35 383 196 59 47 -1 -1 -1 -1 
302 34 581 159 19 18 -1 -1 -1 -1 
302 35 383 196 59 47 -1 -1 -1 -1 
303 34 582 162 18 15 -1 -1 -1 -1 
303 35 392 191 60 44 -1 -1 -1 -1 
304 34 582 162 18 16 -1 -1 -1 -1 
304 35 405 187 52 40 -1 -1 -1 -1 
305 34 582 162 18 16 -1 -1 -1 -1 
305 35 405 187 52 40 -1 -1 -1 -1 
306 34 583 164 18 15 -1 -1 -1 -1 
306 35 413 184 49 39 -1 -1 -1 -1 
307 34 583 165 15 15 -1 -1 -1 -1 
307 35 423 181 43 36 -1 -1 -1 -1 
308 34 583 165 15 15 -1 -1 -1 -1 
308 35 423 181 43 36 -1 -1 -1 -1 
308 36 595 165 14 14 -1 -1 -1 -1 
309 34 584 167 14 13 -1 -1 -1 -1 
309 35 430 177 40 33 -1 -1 -1 -1 
309 36 595 167 14 13 -1 -1 -1 -1 
310 34 585 167 16 14 -1 -1 -1 -1 
310 35 437 176 40 28 -1 -1 -1 -1 
311 34 586 167 14 15 -1 -1 -1 -1 
311 35 442 173 39 29 -1 -1 -1 -1 
312 34 586 167 14 15 -1 -1 -1 -1 
312 35 442 173 39 29 -1 -1 -1 -1 
313 34 586 167 15 17 -1 -1 -1 -1 
313 35 449 169 34 28 -1 -1 -1 -1 
314 34 586 167 16 18 -1 -1 -1 -1 
314 35 454 168 31 27 -1 -1 -1 -1 
315 34 586 168 17 18 -1 -1 -1 -1 
315 35 458 166 31 26 -1 -1 -1 -1 
316 34 586 168 17 18 -1 -1 -1 -1 
316 35 458 166 31 26 -1 -1 -1 -1 
317 34 586 169 17 19 -1 -1 -1 -1 
317 35 461 164 30 24 -1 -1 -1 -1 
318 34 586 171 18 19 -1 -1 -1 -1 
318 35 465 162 29 24 -1 -1 -1 -1 
319 34 587 174 18 18 -1 -1 -1 -1 
319 35 470 161 24 22 -1 -1 -1 -1 
320 34 587 174 18 18 -1 -1 -1 -1 
320 35 470 161 24 22 -1 -1 -1 -1 
321 34 588 175 17 17 -1 -1 -1 -1 
321 35 473 159 25 22 -1 -1 -1 -1 
322 34 588 174 18 19 -1 -1 -1 -1 
322 35 475 158 25 21 -1 -1 -1 -1 
323 32 577 155 12 12 -1 -1 -1 -1 
323 34 589 173 24 21 -1 -1 -1 -1 
323 35 478 158 23 18 -1 -1 -1 -1 
324 32 577 155 12 12 -1 -1 -1 -1 
324 34 589 173 24 21 -1 -1 -1 -1 
324 35 478 158 23 18 -1 -1 -1 -1 
325 32 577 155 13 13 -1 -1 -1 -1 
325 34 588 174 27 22 -1 -1 -1 -1 
325 35 482 155 21 19 -1 -1 -1 -1 
326 32 578 155 12 15 -1 -1 -1 -1 
326 34 590 174 27 23 -1 -1 -1 -1 
326 35 484 154 21 19 -1 -1 -1 -1 
327 32 578 156 12 14 -1 -1 -1 -1 
327 34 591 176 19 26 -1 -1 -1 -1 
327 35 487 152 19 18 -1 -1 -1 -1 
328 32 579 157 12 14 -1 -1 -1 -1 
328 34 591 179 21 23 -1 -1 -1 -1 
328 35 488 152 21 19 -1 -1 -1 -1 
329 32 579 157 12 14 -1 -1 -1 -1 
329 34 591 179 21 23 -1 -1 -1 -1 
329 35 488 152 21 19 -1 -1 -1 -1 
330 32 579 158 12 15 -1 -1 -1 -1 
330 34 592 180 21 23 -1 -1 -1 -1 
330 35 491 152 18 18 -1 -1 -1 -1 
330 36 607 177 14 18 -1 -1 -1 -1 
331 32 579 159 13 15 -1 -1 -1 -1 
331 34 592 179 23 28 -1 -1 -1 -1 
331 35 493 151 18 16 -1 -1 -1 -1 
331 36 607 177 15 19 -1 -1 -1 -1 
332 32 578 160 15 16 -1 -1 -1 -1 
332 34 593 184 21 26 -1 -1 -1 -1 
332 35 495 150 17 17 -1 -1 -1 -1 
333 32 578 160 15 16 -1 -1 -1 -1 
333 34 593 184 21 26 -1 -1 -1 -1 
333 35 495 150 17 17 -1 -1 -1 -1 
334 32 579 161 14 15 -1 -1 -1 -1 
334 34 594 185 24 28 -1 -1 -1 -1 
334 35 496 151 17 14 -1 -1 -1 -1 
335 32 579 162 15 15 -1 -1 -1 -1 
335 34 595 187 23 29 -1 -1 -1 -1 
335 35 497 149 17 15 -1 -1 -1 -1 
336 32 579 162 15 15 -1 -1 -1 -1 
336 34 595 187 23 29 -1 -1 -1 -1 
336 35 497 149 17 15 -1 -1 -1 -1 
337 32 579 163 15 16 -1 -1 -1 -1 
337 34 595 189 25 30 -1 -1 -1 -1 
337 35 499 147 16 16 -1 -1 -1 -1 
338 32 579 165 16 16 -1 -1 -1 -1 
338 34 597 192 25 29 -1 -1 -1 -1 
338 35 501 147 15 15 -1 -1 -1 -1 
339 32 578 165 17 17 -1 -1 -1 -1 
339 34 597 194 26 30 -1 -1 -1 -1 
339 35 503 147 15 14 -1 -1 -1 -1 
340 32 579 167 17 16 -1 -1 -1 -1 
340 34 598 197 28 33 -1 -1 -1 -1 
340 35 504 146 14 14 -1 -1 -1 -1 
341 32 579 167 17 16 -1 -1 -1 -1 
341 34 598 197 28 33 -1 -1 -1 -1 
341 35 504 146 14 14 -1 -1 -1 -1 
342 32 580 167 17 17 -1 -1 -1 -1 
342 34 599 197 31 36 -1 -1 -1 -1 
342 35 505 145 15 14 -1 -1 -1 -1 
343 32 580 168 17 18 -1 -1 -1 -1 
343 34 600 198 30 38 -1 -1 -1 -1 
343 35 507 144 15 14 -1 -1 -1 -1 
344 32 580 168 17 18 -1 -1 -1 -1 
344 34 600 198 30 38 -1 -1 -1 -1 
344 35 507 144 15 14 -1 -1 -1 -1 
345 32 581 168 17 20 -1 -1 -1 -1 
345 34 602 203 30 38 -1 -1 -1 -1 
345 35 508 143 14 13 -1 -1 -1 -1 
346 32 581 169 17 20 -1 -1 -1 -1 
346 34 603 207 31 36 -1 -1 -1 -1 
346 35 510 142 13 13 -1 -1 -1 -1 
347 32 581 169 17 20 -1 -1 -1 -1 
347 34 603 207 31 36 -1 -1 -1 -1 
347 35 510 142 13 13 -1 -1 -1 -1 
348 32 581 170 17 21 -1 -1 -1 -1 
348 34 604 211 33 37 -1 -1 -1 -1 
348 35 510 142 13 13 -1 -1 -1 -1 
349 32 582 172 17 20 -1 -1 -1 -1 
349 34 606 213 33 42 -1 -1 -1 -1 
349 35 511 141 15 13 -1 -1 -1 -1 
349 37 615 188 21 23 -1 -1 -1 -1 
350 32 583 173 17 20 -1 -1 -1 -1 
350 34 607 215 32 45 -1 -1 -1 -1 
350 35 512 141 14 13 -1 -1 -1 -1 
350 37 615 188 24 25 -1 -1 -1 -1 
351 32 583 173 17 20 -1 -1 -1 -1 
351 34 607 215 32 45 -1 -1 -1 -1 
351 35 512 141 14 13 -1 -1 -1 -1 
351 37 615 188 24 25 -1 -1 -1 -1 
352 32 583 174 17 22 -1 -1 -1 -1 
352 34 610 216 29 51 -1 -1 -1 -1 
352 35 514 142 12 11 -1 -1 -1 -1 
352 37 617 189 22 29 -1 -1 -1 -1 
353 32 583 175 18 23 -1 -1 -1 -1 
354 32 583 175 18 23 -1 -1 -1 -1 
355 32 585 176 17 23 -1 -1 -1 -1 
356 32 585 178 18 24 -1 -1 -1 -1 
357 32 585 178 18 24 -1 -1 -1 -1 
357 38 616 230 23 56 -1 -1 -1 -1 
358 32 585 181 20 23 -1 -1 -1 -1 
358 38 618 237 21 59 -1 -1 -1 -1 
358 39 621 195 18 31 -1 -1 -1 -1 
359 32 585 181 21 27 -1 -1 -1 -1 
359 38 622 241 17 63 -1 -1 -1 -1 
359 39 623 197 16 28 -1 -1 -1 -1 
360 32 585 181 21 27 -1 -1 -1 -1 
360 38 622 241 17 63 -1 -1 -1 -1 
360 39 623 197 16 28 -1 -1 -1 -1 
361 32 586 183 21 26 -1 -1 -1 -1 
361 38 622 241 17 63 -1 -1 -1 -1 
362 32 587 185 21 29 -1 -1 -1 -1 
362 39 625 199 14 31 -1 -1 -1 -1 
363 32 587 185 21 29 -1 -1 -1 -1 
363 39 625 199 14 31 -1 -1 -1 -1 
364 32 588 188 21 30 -1 -1 -1 -1 
365 32 589 191 23 29 -1 -1 -1 -1 
366 32 589 191 23 29 -1 -1 -1 -1 
367 32 589 194 24 30 -1 -1 -1 -1 
368 32 589 195 27 35 -1 -1 -1 -1 
369 32 591 199 27 35 -1 -1 -1 -1 
370 32 591 199 27 35 -1 -1 -1 -1 
371 32 591 201 30 39 -1 -1 -1 -1 
372 32 593 204 30 41 -1 -1 -1 -1 
373 32 593 204 30 41 -1 -1 -1 -1 
374 32 595 210 29 42 -1 -1 -1 -1 
375 32 596 213 33 44 -1 -1 -1 -1 
376 32 597 213 35 53 -1 -1 -1 -1 
377 32 597 213 35 53 -1 -1 -1 -1 
378 32 598 220 38 55 -1 -1 -1 -1 
379 32 600 228 39 58 -1 -1 -1 -1 
380 32 601 233 38 63 -1 -1 -1 -1 
380 40 141 347 175 130 -1 -1 -1 -1 
381 32 601 233 38 63 -1 -1 -1 -1 
381 40 141 347 175 130 -1 -1 -1 -1 
382 32 604 237 35 69 -1 -1 -1 -1 
382 40 195 319 150 124 -1 -1 -1 -1 
383 32 604 248 35 71 -1 -1 -1 -1 
383 40 239 296 130 110 -1 -1 -1 -1 
384 32 609 256 30 80 -1 -1 -1 -1 
384 40 274 277 114 97 -1 -1 -1 -1 
385 32 610 266 29 91 -1 -1 -1 -1 
385 40 304 262 101 87 -1 -1 -1 -1 
386 32 610 266 29 91 -1 -1 -1 -1 
386 40 304 262 101 87 -1 -1 -1 -1 
387 32 610 266 29 91 -1 -1 -1 -1 
388 40 350 242 80 67 -1 -1 -1 -1 
389 40 367 232 74 63 -1 -1 -1 -1 
390 40 367 232 74 63 -1 -1 -1 -1 
391 40 382 225 68 55 -1 -1 -1 -1 
392 40 395 218 61 52 -1 -1 -1 -1 
393 40 395 218 61 52 -1 -1 -1 -1 
394 40 406 212 59 48 -1 -1 -1 -1 
395 40 416 206 52 45 -1 -1 -1 -1 
396 40 416 206 52 45 -1 -1 -1 -1 
397 40 424 203 48 41 -1 -1 -1 -1 
398 40 433 198 43 40 -1 -1 -1 -1 
399 40 438 194 42 36 -1 -1 -1 -1 
400 40 438 194 42 36 -1 -1 -1 -1 
401 40 445 191 39 35 -1 -1 -1 -1 
402 40 451 187 36 33 -1 -1 -1 -1 
403 40 451 187 36 33 -1 -1 -1 -1 
404 40 456 184 34 33 -1 -1 -1 -1 
405 40 460 182 32 30 -1 -1 -1 -1 
406 40 464 179 31 28 -1 -1 -1 -1 
407 40 464 179 31 28 -1 -1 -1 -1 
408 40 468 177 28 29 -1 -1 -1 -1 
409 40 471 176 30 25 -1 -1 -1 -1 
410 40 471 176 30 25 -1 -1 -1 -1 
410 43 0 346 111 127 -1 -1 -1 -1 
410 44 142 358 219 121 -1 -1 -1 -1 
411 40 473 172 29 24 -1 -1 -1 -1 
411 43 0 326 151 145 -1 -1 -1 -1 
411 44 204 328 184 148 -1 -1 -1 -1 
412 40 476 172 27 24 -1 -1 -1 -1 
412 43 0 312 187 127 -1 -1 -1 -1 
412 44 255 303 154 133 -1 -1 -1 -1 
413 40 480 169 26 23 -1 -1 -1 -1 
413 43 43 295 174 119 -1 -1 -1 -1 
413 44 294 282 133 115 -1 -1 -1 -1 
414 40 480 169 26 23 -1 -1 -1 -1 
414 43 43 295 174 119 -1 -1 -1 -1 
414 44 294 282 133 115 -1 -1 -1 -1 
415 40 482 167 25 24 -1 -1 -1 -1 
415 43 82 282 162 107 -1 -1 -1 -1 
415 44 323 262 119 108 -1 -1 -1 -1 
416 40 485 165 25 22 -1 -1 -1 -1 
416 43 120 271 149 96 -1 -1 -1 -1 
416 44 349 253 105 88 -1 -1 -1 -1 
417 40 485 165 25 22 -1 -1 -1 -1 
417 43 120 271 149 96 -1 -1 -1 -1 
417 44 349 253 105 88 -1 -1 -1 -1 
418 40 487 166 25 20 -1 -1 -1 -1 
418 43 154 259 136 91 -1 -1 -1 -1 
418 44 373 242 91 78 -1 -1 -1 -1 
419 40 489 163 23 21 -1 -1 -1 -1 
419 43 184 252 125 80 -1 -1 -1 -1 
419 44 389 232 84 76 -1 -1 -1 -1 
420 40 491 162 23 20 -1 -1 -1 -1 
420 43 210 240 115 78 -1 -1 -1 -1 
420 44 404 222 76 74 -1 -1 -1 -1 
421 40 491 162 23 20 -1 -1 -1 -1 
421 43 210 240 115 78 -1 -1 -1 -1 
421 44 404 222 76 74 -1 -1 -1 -1 
422 40 493 160 21 20 -1 -1 -1 -1 
422 43 234 235 105 70 -1 -1 -1 -1 
422 44 416 215 69 65 -1 -1 -1 -1 
423 40 494 159 21 19 -1 -1 -1 -1 
423 43 256 228 96 65 -1 -1 -1 -1 
423 44 427 210 64 59 -1 -1 -1 -1 
424 40 496 158 21 19 -1 -1 -1 -1 
424 43 274 219 89 63 -1 -1 -1 -1 
424 44 435 207 59 51 -1 -1 -1 -1 
425 40 496 158 21 19 -1 -1 -1 -1 
425 43 274 219 89 63 -1 -1 -1 -1 
425 44 435 207 59 51 -1 -1 -1 -1 
426 40 499 157 20 18 -1 -1 -1 -1 
426 43 291 215 82 56 -1 -1 -1 -1 
426 44 443 202 53 49 -1 -1 -1 -1 
427 40 500 156 20 18 -1 -1 -1 -1 
427 43 307 210 76 55 -1 -1 -1 -1 
427 44 451 198 48 46 -1 -1 -1 -1 
428 40 500 156 20 18 -1 -1 -1 -1 
428 43 307 210 76 55 -1 -1 -1 -1 
428 44 451 198 48 46 -1 -1 -1 -1 
429 40 501 156 20 16 -1 -1 -1 -1 
429 43 319 204 73 54 -1 -1 -1 -1 
429 44 457 194 46 43 -1 -1 -1 -1 
430 40 503 155 18 16 -1 -1 -1 -1 
430 43 333 199 67 52 -1 -1 -1 -1 
430 44 462 190 44 40 -1 -1 -1 -1 
431 40 503 155 18 16 -1 -1 -1 -1 
431 43 333 199 67 52 -1 -1 -1 -1 
431 44 462 190 44 40 -1 -1 -1 -1 
432 40 506 154 16 16 -1 -1 -1 -1 
432 43 343 197 65 49 -1 -1 -1 -1 
432 44 468 187 40 38 -1 -1 -1 -1 
433 40 507 152 16 16 -1 -1 -1 -1 
433 43 354 194 60 47 -1 -1 -1 -1 
433 44 472 184 39 35 -1 -1 -1 -1 
434 40 507 152 16 16 -1 -1 -1 -1 
434 43 354 194 60 47 -1 -1 -1 -1 
434 44 472 184 39 35 -1 -1 -1 -1 
435 40 507 152 17 15 -1 -1 -1 -1 
435 43 365 191 55 44 -1 -1 -1 -1 
435 44 476 181 37 34 -1 -1 -1 -1 
436 40 509 151 16 14 -1 -1 -1 -1 
436 43 373 189 53 41 -1 -1 -1 -1 
436 44 479 178 36 33 -1 -1 -1 -1 
437 40 509 151 16 14 -1 -1 -1 -1 
437 43 381 186 50 39 -1 -1 -1 -1 
437 44 482 175 35 33 -1 -1 -1 -1 
438 40 509 151 16 14 -1 -1 -1 -1 
438 43 381 186 50 39 -1 -1 -1 -1 
438 44 482 175 35 33 -1 -1 -1 -1 
439 40 510 150 16 14 -1 -1 -1 -1 
439 43 388 183 47 38 -1 -1 -1 -1 
439 44 486 174 32 30 -1 -1 -1 -1 
440 40 511 149 15 14 -1 -1 -1 -1 
440 43 394 181 47 35 -1 -1 -1 -1 
440 44 491 172 28 27 -1 -1 -1 -1 
441 40 512 149 15 14 -1 -1 -1 -1 
441 43 401 179 43 36 -1 -1 -1 -1 
441 44 492 169 29 28 -1 -1 -1 -1 
442 40 512 149 15 14 -1 -1 -1 -1 
442 43 401 179 43 36 -1 -1 -1 -1 
442 44 492 169 29 28 -1 -1 -1 -1 
443 40 512 149 15 13 -1 -1 -1 -1 
443 43 407 178 40 32 -1 -1 -1 -1 
443 44 494 168 28 27 -1 -1 -1 -1 
443 45 78 387 238 89 -1 -1 -1 -1 
444 40 513 149 15 13 -1 -1 -1 -1 
444 43 411 175 39 32 -1 -1 -1 -1 
444 44 497 167 25 27 -1 -1 -1 -1 
444 45 149 350 205 129 -1 -1 -1 -1 
445 40 514 148 15 12 -1 -1 -1 -1 
445 43 417 173 38 31 -1 -1 -1 -1 
445 44 499 167 24 24 -1 -1 -1 -1 
445 45 213 321 169 136 -1 -1 -1 -1 
446 40 514 148 15 12 -1 -1 -1 -1 
446 43 417 173 38 31 -1 -1 -1 -1 
446 44 499 167 24 24 -1 -1 -1 -1 
446 45 213 321 169 136 -1 -1 -1 -1 
447 40 515 147 15 12 -1 -1 -1 -1 
447 43 422 171 37 31 -1 -1 -1 -1 
447 44 502 165 23 23 -1 -1 -1 -1 
447 45 264 297 141 115 -1 -1 -1 -1 
448 40 516 146 13 12 -1 -1 -1 -1 
448 43 428 170 33 28 -1 -1 -1 -1 
448 44 503 163 23 23 -1 -1 -1 -1 
448 45 302 270 123 105 -1 -1 -1 -1 
449 40 516 146 13 12 -1 -1 -1 -1 
449 43 428 170 33 28 -1 -1 -1 -1 
449 44 503 163 23 23 -1 -1 -1 -1 
449 45 302 270 123 105 -1 -1 -1 -1 
450 40 516 146 13 12 -1 -1 -1 -1 
450 43 430 169 34 28 -1 -1 -1 -1 
450 44 504 162 23 21 -1 -1 -1 -1 
451 40 518 145 13 10 -1 -1 -1 -1 
451 43 434 169 31 27 -1 -1 -1 -1 
451 44 507 160 21 21 -1 -1 -1 -1 
451 45 359 247 94 80 -1 -1 -1 -1 
452 40 518 145 13 10 -1 -1 -1 -1 
452 43 434 169 31 27 -1 -1 -1 -1 
452 44 507 160 21 21 -1 -1 -1 -1 
452 45 359 247 94 80 -1 -1 -1 -1 
453 40 518 145 13 10 -1 -1 -1 -1 
453 43 438 167 30 25 -1 -1 -1 -1 
453 44 509 158 21 22 -1 -1 -1 -1 
454 40 518 143 14 11 -1 -1 -1 -1 
454 43 441 166 29 26 -1 -1 -1 -1 
454 44 510 159 20 19 -1 -1 -1 -1 
454 45 396 225 76 71 -1 -1 -1 -1 
455 40 518 143 14 11 -1 -1 -1 -1 
455 43 441 166 29 26 -1 -1 -1 -1 
455 44 510 159 20 19 -1 -1 -1 -1 
455 45 396 225 76 71 -1 -1 -1 -1 
456 40 518 143 14 11 -1 -1 -1 -1 
456 43 444 165 29 25 -1 -1 -1 -1 
456 44 511 156 20 21 -1 -1 -1 -1 
457 40 518 141 14 11 -1 -1 -1 -1 
457 43 447 163 27 23 -1 -1 -1 -1 
457 44 512 157 19 19 -1 -1 -1 -1 
457 45 422 208 62 61 -1 -1 -1 -1 
458 40 518 141 14 11 -1 -1 -1 -1 
458 43 447 163 27 23 -1 -1 -1 -1 
458 44 512 157 19 19 -1 -1 -1 -1 
458 45 422 208 62 61 -1 -1 -1 -1 
459 40 518 141 14 11 -1 -1 -1 -1 
459 43 450 162 28 23 -1 -1 -1 -1 
459 44 514 155 17 20 -1 -1 -1 -1 
460 43 453 161 27 23 -1 -1 -1 -1 
460 44 514 152 18 22 -1 -1 -1 -1 
460 45 441 201 51 48 -1 -1 -1 -1 
461 43 456 160 24 23 -1 -1 -1 -1 
461 44 516 151 17 20 -1 -1 -1 -1 
461 45 450 199 50 42 -1 -1 -1 -1 
462 43 456 160 24 23 -1 -1 -1 -1 
462 44 516 151 17 20 -1 -1 -1 -1 
462 45 450 199 50 42 -1 -1 -1 -1 
463 43 459 160 23 21 -1 -1 -1 -1 
463 44 517 148 18 21 -1 -1 -1 -1 
463 45 456 195 46 39 -1 -1 -1 -1 
464 43 461 158 23 22 -1 -1 -1 -1 
464 44 519 149 16 19 -1 -1 -1 -1 
464 45 463 188 42 40 -1 -1 -1 -1 
465 43 463 157 23 21 -1 -1 -1 -1 
465 44 521 143 15 26 -1 -1 -1 -1 
465 45 468 187 39 35 -1 -1 -1 -1 
466 43 463 157 23 21 -1 -1 -1 -1 
466 44 521 143 15 26 -1 -1 -1 -1 
466 45 468 187 39 35 -1 -1 -1 -1 
467 43 465 157 23 20 -1 -1 -1 -1 
467 44 521 141 15 28 -1 -1 -1 -1 
467 45 473 185 36 31 -1 -1 -1 -1 
468 43 467 156 22 19 -1 -1 -1 -1 
468 44 521 141 15 26 -1 -1 -1 -1 
468 45 477 181 34 32 -1 -1 -1 -1 
469 43 468 155 23 19 -1 -1 -1 -1 
469 44 522 142 15 22 -1 -1 -1 -1 
469 45 482 178 31 30 -1 -1 -1 -1 
470 43 472 154 20 20 -1 -1 -1 -1 
470 44 523 142 14 20 -1 -1 -1 -1 
470 45 485 175 30 29 -1 -1 -1 -1 
470 46 0 348 154 130 -1 -1 -1 -1 
471 43 473 153 20 19 -1 -1 -1 -1 
471 44 523 142 15 19 -1 -1 -1 -1 
471 45 489 173 28 27 -1 -1 -1 -1 
471 46 29 326 168 119 -1 -1 -1 -1 
472 43 475 152 19 19 -1 -1 -1 -1 
472 44 524 143 14 17 -1 -1 -1 -1 
472 45 492 171 28 26 -1 -1 -1 -1 
472 46 80 305 154 111 -1 -1 -1 -1 
473 40 590 156 12 12 -1 -1 -1 -1 
473 43 477 152 19 18 -1 -1 -1 -1 
473 44 525 144 13 16 -1 -1 -1 -1 
473 45 494 170 26 24 -1 -1 -1 -1 
473 46 126 288 141 99 -1 -1 -1 -1 
474 40 590 156 12 12 -1 -1 -1 -1 
474 43 478 152 20 18 -1 -1 -1 -1 
474 44 526 143 13 16 -1 -1 -1 -1 
474 45 498 169 23 23 -1 -1 -1 -1 
475 40 591 157 11 13 -1 -1 -1 -1 
475 43 480 152 19 16 -1 -1 -1 -1 
475 44 526 143 13 16 -1 -1 -1 -1 
475 45 499 168 23 22 -1 -1 -1 -1 
476 40 591 157 11 13 -1 -1 -1 -1 
476 43 482 151 18 15 -1 -1 -1 -1 
476 45 500 167 23 20 -1 -1 -1 -1 
477 43 483 150 17 16 -1 -1 -1 -1 
477 45 505 163 21 22 -1 -1 -1 -1 
477 46 260 239 95 65 -1 -1 -1 -1 
478 43 484 150 18 16 -1 -1 -1 -1 
478 45 506 161 20 21 -1 -1 -1 -1 
478 46 284 231 84 59 -1 -1 -1 -1 
479 43 486 150 17 14 -1 -1 -1 -1 
479 45 509 160 19 21 -1 -1 -1 -1 
479 46 305 224 77 55 -1 -1 -1 -1 
480 43 487 149 16 15 -1 -1 -1 -1 
480 45 509 159 21 20 -1 -1 -1 -1 
480 46 322 216 71 51 -1 -1 -1 -1 
481 40 595 163 13 14 -1 -1 -1 -1 
481 43 489 148 16 14 -1 -1 -1 -1 
481 45 511 158 19 20 -1 -1 -1 -1 
481 46 337 209 66 51 -1 -1 -1 -1 
482 40 595 165 14 14 -1 -1 -1 -1 
482 43 490 148 16 14 -1 -1 -1 -1 
482 45 512 157 18 20 -1 -1 -1 -1 
482 46 351 205 62 46 -1 -1 -1 -1 
483 40 595 166 15 14 -1 -1 -1 -1 
483 43 490 148 16 14 -1 -1 -1 -1 
483 45 513 158 18 16 -1 -1 -1 -1 
483 46 365 201 57 44 -1 -1 -1 -1 
484 40 596 167 14 13 -1 -1 -1 -1 
484 43 492 147 15 14 -1 -1 -1 -1 
484 45 515 157 18 16 -1 -1 -1 -1 
484 46 375 198 54 39 -1 -1 -1 -1 
485 40 596 167 14 13 -1 -1 -1 -1 
485 43 492 147 15 14 -1 -1 -1 -1 
485 45 515 157 18 16 -1 -1 -1 -1 
485 46 375 198 54 39 -1 -1 -1 -1 
486 40 596 168 14 13 -1 -1 -1 -1 
486 43 493 147 15 13 -1 -1 -1 -1 
486 45 517 155 17 16 -1 -1 -1 -1 
486 46 385 195 51 36 -1 -1 -1 -1 
487 40 596 168 14 14 -1 -1 -1 -1 
487 43 494 146 16 13 -1 -1 -1 -1 
487 45 519 153 16 17 -1 -1 -1 -1 
487 46 394 191 48 35 -1 -1 -1 -1 
488 40 596 168 15 16 -1 -1 -1 -1 
488 43 496 146 15 13 -1 -1 -1 -1 
488 45 520 153 15 16 -1 -1 -1 -1 
488 46 403 188 44 33 -1 -1 -1 -1 
489 40 596 168 15 16 -1 -1 -1 -1 
489 43 496 146 15 13 -1 -1 -1 -1 
489 45 520 153 15 16 -1 -1 -1 -1 
489 46 403 188 44 33 -1 -1 -1 -1 
490 40 596 170 16 16 -1 -1 -1 -1 
490 43 497 146 15 12 -1 -1 -1 -1 
490 45 521 152 15 15 -1 -1 -1 -1 
490 46 410 186 43 31 -1 -1 -1 -1 
491 40 598 174 16 14 -1 -1 -1 -1 
491 43 497 145 16 13 -1 -1 -1 -1 
491 45 521 151 16 15 -1 -1 -1 -1 
491 46 417 184 40 28 -1 -1 -1 -1 
492 40 598 174 16 14 -1 -1 -1 -1 
492 43 497 145 16 13 -1 -1 -1 -1 
492 45 521 151 16 15 -1 -1 -1 -1 
492 46 417 184 40 28 -1 -1 -1 -1 
493 40 600 175 15 14 -1 -1 -1 -1 
493 43 499 146 14 12 -1 -1 -1 -1 
493 45 522 151 15 14 -1 -1 -1 -1 
493 46 424 181 36 27 -1 -1 -1 -1 
494 40 600 175 16 16 -1 -1 -1 -1 
494 43 500 145 14 12 -1 -1 -1 -1 
494 45 523 151 14 13 -1 -1 -1 -1 
494 46 430 179 35 25 -1 -1 -1 -1 
495 40 600 175 16 16 -1 -1 -1 -1 
495 43 500 145 14 12 -1 -1 -1 -1 
495 45 523 151 14 13 -1 -1 -1 -1 
495 46 430 179 35 25 -1 -1 -1 -1 
496 40 602 176 17 16 -1 -1 -1 -1 
496 43 501 145 12 11 -1 -1 -1 -1 
496 44 577 149 10 12 -1 -1 -1 -1 
496 45 525 150 12 13 -1 -1 -1 -1 
496 46 435 177 34 26 -1 -1 -1 -1 
497 40 603 178 17 16 -1 -1 -1 -1 
497 43 502 144 12 12 -1 -1 -1 -1 
497 44 577 149 11 13 -1 -1 -1 -1 
497 45 526 150 11 12 -1 -1 -1 -1 
497 46 439 175 33 23 -1 -1 -1 -1 
498 40 603 178 17 16 -1 -1 -1 -1 
498 43 502 144 12 12 -1 -1 -1 -1 
498 44 577 149 11 13 -1 -1 -1 -1 
498 45 526 150 11 12 -1 -1 -1 -1 
498 46 439 175 33 23 -1 -1 -1 -1 
499 40 604 178 17 19 -1 -1 -1 -1 
499 43 503 144 12 11 -1 -1 -1 -1 
499 44 577 149 12 14 -1 -1 -1 -1 
499 45 527 149 10 11 -1 -1 -1 -1 
499 46 445 173 30 23 -1 -1 -1 -1 
500 40 606 179 16 19 -1 -1 -1 -1 
500 43 504 144 11 11 -1 -1 -1 -1 
500 44 577 150 12 14 -1 -1 -1 -1 
500 45 527 149 10 11 -1 -1 -1 -1 
500 46 449 171 30 23 -1 -1 -1 -1 
501 40 606 180 18 21 -1 -1 -1 -1 
501 43 504 144 11 11 -1 -1 -1 -1 
501 44 576 150 14 15 -1 -1 -1 -1 
501 46 454 169 28 23 -1 -1 -1 -1 
502 40 606 180 18 21 -1 -1 -1 -1 
502 44 576 150 14 15 -1 -1 -1 -1 
502 46 454 169 28 23 -1 -1 -1 -1 
502 48 94 338 222 139 -1 -1 -1 -1 
503 40 607 182 19 21 -1 -1 -1 -1 
503 44 576 150 14 15 -1 -1 -1 -1 
503 46 458 167 26 23 -1 -1 -1 -1 
504 40 608 184 20 21 -1 -1 -1 -1 
504 46 460 167 28 21 -1 -1 -1 -1 
504 48 219 287 158 116 -1 -1 -1 -1 
505 40 608 184 20 21 -1 -1 -1 -1 
505 46 460 167 28 21 -1 -1 -1 -1 
505 48 219 287 158 116 -1 -1 -1 -1 
506 40 609 187 20 20 -1 -1 -1 -1 
506 46 464 166 25 20 -1 -1 -1 -1 
506 48 263 264 136 107 -1 -1 -1 -1 
507 40 610 188 22 23 -1 -1 -1 -1 
507 44 577 153 14 17 -1 -1 -1 -1 
507 46 466 164 25 19 -1 -1 -1 -1 
507 48 300 253 114 90 -1 -1 -1 -1 
508 40 611 189 22 25 -1 -1 -1 -1 
508 43 509 141 11 10 -1 -1 -1 -1 
508 44 578 154 14 17 -1 -1 -1 -1 
508 46 470 162 23 19 -1 -1 -1 -1 
508 48 329 240 100 82 -1 -1 -1 -1 
509 40 611 189 22 25 -1 -1 -1 -1 
509 43 509 141 11 10 -1 -1 -1 -1 
509 44 578 154 14 17 -1 -1 -1 -1 
509 46 470 162 23 19 -1 -1 -1 -1 
509 48 329 240 100 82 -1 -1 -1 -1 
510 40 614 192 22 25 -1 -1 -1 -1 
510 43 510 140 10 11 -1 -1 -1 -1 
510 44 578 157 14 15 -1 -1 -1 -1 
510 46 474 161 22 18 -1 -1 -1 -1 
510 48 352 230 91 77 -1 -1 -1 -1 
511 40 616 193 22 27 -1 -1 -1 -1 
511 43 510 140 11 11 -1 -1 -1 -1 
511 44 579 159 13 15 -1 -1 -1 -1 
511 46 476 161 21 17 -1 -1 -1 -1 
511 48 373 221 81 68 -1 -1 -1 -1 
512 40 616 197 23 28 -1 -1 -1 -1 
512 43 510 139 11 11 -1 -1 -1 -1 
512 44 579 159 14 15 -1 -1 -1 -1 
512 46 478 161 21 17 -1 -1 -1 -1 
512 48 390 212 73 64 -1 -1 -1 -1 
513 40 619 199 20 30 -1 -1 -1 -1 
513 43 510 139 14 10 -1 -1 -1 -1 
513 44 579 161 15 15 -1 -1 -1 -1 
513 46 480 160 20 15 -1 -1 -1 -1 
513 48 403 208 68 60 -1 -1 -1 -1 
514 40 619 199 20 30 -1 -1 -1 -1 
514 43 510 139 14 10 -1 -1 -1 -1 
514 44 579 161 15 15 -1 -1 -1 -1 
514 46 480 160 20 15 -1 -1 -1 -1 
514 48 403 208 68 60 -1 -1 -1 -1 
515 40 620 201 19 31 -1 -1 -1 -1 
515 43 511 139 12 9 -1 -1 -1 -1 
515 44 579 162 15 15 -1 -1 -1 -1 
515 46 484 156 20 18 -1 -1 -1 -1 
515 48 414 204 65 52 -1 -1 -1 -1 
516 40 623 207 16 28 -1 -1 -1 -1 
516 43 511 139 12 9 -1 -1 -1 -1 
516 44 579 164 17 15 -1 -1 -1 -1 
516 46 485 155 19 18 -1 -1 -1 -1 
516 48 428 197 55 51 -1 -1 -1 -1 
517 40 623 207 16 28 -1 -1 -1 -1 
517 44 579 164 17 15 -1 -1 -1 -1 
517 46 485 155 19 18 -1 -1 -1 -1 
517 48 428 197 55 51 -1 -1 -1 -1 
518 40 625 210 14 31 -1 -1 -1 -1 
518 44 580 166 16 14 -1 -1 -1 -1 
518 46 488 155 17 16 -1 -1 -1 -1 
518 48 434 193 56 48 -1 -1 -1 -1 
518 50 434 193 57 47 -1 -1 -1 -1 
519 40 625 210 14 31 -1 -1 -1 -1 
519 44 580 166 16 15 -1 -1 -1 -1 
519 46 489 154 19 16 -1 -1 -1 -1 
520 44 581 168 16 15 -1 -1 -1 -1 
520 46 491 154 17 16 -1 -1 -1 -1 
520 48 452 187 46 42 -1 -1 -1 -1 
521 44 581 168 16 15 -1 -1 -1 -1 
521 46 491 154 17 16 -1 -1 -1 -1 
521 48 452 187 46 42 -1 -1 -1 -1 
522 44 581 169 17 15 -1 -1 -1 -1 
522 46 494 153 15 16 -1 -1 -1 -1 
522 48 458 183 43 41 -1 -1 -1 -1 
523 44 581 170 17 16 -1 -1 -1 -1 
523 46 494 151 18 17 -1 -1 -1 -1 
523 48 463 180 40 37 -1 -1 -1 -1 
524 44 582 171 17 17 -1 -1 -1 -1 
524 46 496 151 17 16 -1 -1 -1 -1 
524 48 470 179 34 33 -1 -1 -1 -1 
525 44 582 171 17 17 -1 -1 -1 -1 
525 46 496 151 17 16 -1 -1 -1 -1 
525 48 470 179 34 33 -1 -1 -1 -1 
526 44 583 172 16 19 -1 -1 -1 -1 
526 46 498 151 16 14 -1 -1 -1 -1 
526 48 474 177 35 33 -1 -1 -1 -1 
527 44 584 175 16 16 -1 -1 -1 -1 
527 46 499 151 16 13 -1 -1 -1 -1 
527 48 477 174 35 31 -1 -1 -1 -1 
528 44 585 176 16 18 -1 -1 -1 -1 
528 46 500 149 16 15 -1 -1 -1 -1 
528 48 482 172 32 28 -1 -1 -1 -1 
529 44 585 176 16 18 -1 -1 -1 -1 
529 46 500 149 16 15 -1 -1 -1 -1 
529 48 482 172 32 28 -1 -1 -1 -1 
530 44 585 176 17 19 -1 -1 -1 -1 
530 46 501 149 15 14 -1 -1 -1 -1 
530 48 486 170 29 27 -1 -1 -1 -1 
531 44 586 179 18 19 -1 -1 -1 -1 
531 46 502 149 15 13 -1 -1 -1 -1 
531 48 490 168 27 27 -1 -1 -1 -1 
532 44 586 182 19 19 -1 -1 -1 -1 
532 46 504 149 14 12 -1 -1 -1 -1 
532 48 493 168 25 24 -1 -1 -1 -1 
533 44 586 182 19 19 -1 -1 -1 -1 
533 46 504 149 14 12 -1 -1 -1 -1 
533 48 493 168 25 24 -1 -1 -1 -1 
534 44 586 182 21 22 -1 -1 -1 -1 
534 46 506 147 15 13 -1 -1 -1 -1 
534 48 495 166 26 24 -1 -1 -1 -1 
535 44 587 183 21 24 -1 -1 -1 -1 
535 46 507 146 15 13 -1 -1 -1 -1 
535 48 498 165 23 23 -1 -1 -1 -1 
536 44 587 183 21 24 -1 -1 -1 -1 
536 46 507 146 15 13 -1 -1 -1 -1 
536 48 498 165 23 23 -1 -1 -1 -1 
537 44 589 187 21 22 -1 -1 -1 -1 
537 46 508 145 14 14 -1 -1 -1 -1 
537 48 499 164 23 22 -1 -1 -1 -1 
538 44 589 189 21 24 -1 -1 -1 -1 
538 46 509 145 15 14 -1 -1 -1 -1 
538 48 502 163 22 21 -1 -1 -1 -1 
539 44 589 189 21 24 -1 -1 -1 -1 
539 46 509 145 15 14 -1 -1 -1 -1 
539 48 502 163 22 21 -1 -1 -1 -1 
540 44 590 192 22 25 -1 -1 -1 -1 
540 46 509 145 15 14 -1 -1 -1 -1 
541 44 590 194 25 28 -1 -1 -1 -1 
541 48 507 160 20 19 -1 -1 -1 -1 
542 44 590 194 25 28 -1 -1 -1 -1 
542 48 507 160 20 19 -1 -1 -1 -1 
543 44 591 196 27 29 -1 -1 -1 -1 
543 46 591 151 11 12 -1 -1 -1 -1 
543 48 508 158 20 20 -1 -1 -1 -1 
544 44 592 201 27 28 -1 -1 -1 -1 
544 46 591 151 12 13 -1 -1 -1 -1 
544 48 510 156 19 21 -1 -1 -1 -1 
545 44 592 201 27 28 -1 -1 -1 -1 
545 46 591 151 12 13 -1 -1 -1 -1 
545 48 510 156 19 21 -1 -1 -1 -1 
546 44 594 204 29 32 -1 -1 -1 -1 
546 46 591 151 13 14 -1 -1 -1 -1 
546 48 511 156 19 19 -1 -1 -1 -1 
547 44 595 208 30 34 -1 -1 -1 -1 
547 46 592 152 12 13 -1 -1 -1 -1 
547 48 513 155 18 18 -1 -1 -1 -1 
548 44 596 212 31 36 -1 -1 -1 -1 
548 46 594 153 11 14 -1 -1 -1 -1 
548 48 515 154 17 17 -1 -1 -1 -1 
549 44 596 212 31 36 -1 -1 -1 -1 
549 46 594 153 11 14 -1 -1 -1 -1 
549 48 515 154 17 17 -1 -1 -1 -1 
550 44 596 212 31 36 -1 -1 -1 -1 
550 46 594 154 12 15 -1 -1 -1 -1 
550 48 516 154 17 16 -1 -1 -1 -1 
551 44 599 221 35 40 -1 -1 -1 -1 
551 46 595 155 11 15 -1 -1 -1 -1 
551 48 517 153 17 17 -1 -1 -1 -1 
552 44 599 221 35 40 -1 -1 -1 -1 
552 46 595 155 12 15 -1 -1 -1 -1 
552 48 518 148 17 21 -1 -1 -1 -1 
553 46 595 155 12 15 -1 -1 -1 -1 
553 48 518 148 17 21 -1 -1 -1 -1 
553 51 575 148 11 12 -1 -1 -1 -1 
554 44 602 231 37 52 -1 -1 -1 -1 
554 46 596 155 12 16 -1 -1 -1 -1 
554 48 520 148 17 20 -1 -1 -1 -1 
554 51 575 148 11 13 -1 -1 -1 -1 
555 44 604 240 35 57 -1 -1 -1 -1 
555 46 596 156 12 15 -1 -1 -1 -1 
555 48 520 145 16 21 -1 -1 -1 -1 
555 51 576 148 11 14 -1 -1 -1 -1 
556 44 604 240 35 57 -1 -1 -1 -1 
556 46 596 156 12 15 -1 -1 -1 -1 
556 48 520 145 16 21 -1 -1 -1 -1 
556 51 576 148 11 14 -1 -1 -1 -1 
557 44 605 248 34 61 -1 -1 -1 -1 
557 46 597 156 12 16 -1 -1 -1 -1 
557 48 521 146 17 19 -1 -1 -1 -1 
558 44 609 256 30 70 -1 -1 -1 -1 
558 46 597 156 13 17 -1 -1 -1 -1 
558 48 522 144 16 19 -1 -1 -1 -1 
559 44 609 256 30 70 -1 -1 -1 -1 
559 46 597 156 13 17 -1 -1 -1 -1 
559 48 522 144 16 19 -1 -1 -1 -1 
560 44 609 256 30 70 -1 -1 -1 -1 
560 46 596 156 14 18 -1 -1 -1 -1 
561 46 596 155 15 20 -1 -1 -1 -1 
561 48 524 149 14 12 -1 -1 -1 -1 
562 46 596 155 15 20 -1 -1 -1 -1 
562 48 524 149 14 12 -1 -1 -1 -1 
563 46 597 154 14 22 -1 -1 -1 -1 
563 48 524 149 14 12 -1 -1 -1 -1 
564 46 597 156 15 21 -1 -1 -1 -1 
565 46 597 156 15 21 -1 -1 -1 -1 
567 46 597 156 15 21 -1 -1 -1 -1 
568 51 578 152 11 19 -1 -1 -1 -1 
569 51 578 153 12 19 -1 -1 -1 -1 
570 46 600 164 15 17 -1 -1 -1 -1 
570 51 578 153 13 20 -1 -1 -1 -1 
571 46 600 164 15 17 -1 -1 -1 -1 
571 51 578 153 13 20 -1 -1 -1 -1 
572 46 601 166 15 18 -1 -1 -1 -1 
572 51 578 153 13 20 -1 -1 -1 -1 
573 46 602 167 15 18 -1 -1 -1 -1 
573 51 578 154 13 20 -1 -1 -1 -1 
574 46 603 166 16 20 -1 -1 -1 -1 
574 51 578 152 13 24 -1 -1 -1 -1 
575 46 603 166 16 20 -1 -1 -1 -1 
575 51 578 152 13 24 -1 -1 -1 -1 
576 46 603 167 17 20 -1 -1 -1 -1 
576 51 578 158 14 20 -1 -1 -1 -1 
577 46 603 167 17 20 -1 -1 -1 -1 
577 51 578 158 14 20 -1 -1 -1 -1 
578 46 604 167 17 21 -1 -1 -1 -1 
578 51 578 164 15 16 -1 -1 -1 -1 
579 46 605 166 17 24 -1 -1 -1 -1 
579 51 578 164 16 17 -1 -1 -1 -1 
580 46 605 166 17 24 -1 -1 -1 -1 
580 51 578 164 16 17 -1 -1 -1 -1 
581 46 606 167 17 25 -1 -1 -1 -1 
581 51 578 165 17 17 -1 -1 -1 -1 
582 46 606 167 17 25 -1 -1 -1 -1 
582 51 578 165 17 17 -1 -1 -1 -1 
583 46 607 169 17 23 -1 -1 -1 -1 
583 51 578 166 17 18 -1 -1 -1 -1 
584 46 608 171 16 23 -1 -1 -1 -1 
584 51 578 167 18 20 -1 -1 -1 -1 
585 46 610 172 15 25 -1 -1 -1 -1 
585 51 578 167 18 22 -1 -1 -1 -1 
586 46 610 172 15 25 -1 -1 -1 -1 
586 51 578 167 18 22 -1 -1 -1 -1 
587 46 610 172 18 27 -1 -1 -1 -1 
587 51 578 168 19 22 -1 -1 -1 -1 
588 46 610 174 21 27 -1 -1 -1 -1 
588 51 578 169 20 23 -1 -1 -1 -1 
589 46 610 174 21 27 -1 -1 -1 -1 
589 51 578 169 20 23 -1 -1 -1 -1 
590 46 611 176 22 27 -1 -1 -1 -1 
590 51 579 170 20 24 -1 -1 -1 -1 
591 46 615 176 20 28 -1 -1 -1 -1 
591 51 580 175 20 21 -1 -1 -1 -1 
592 46 615 176 20 28 -1 -1 -1 -1 
592 51 580 175 20 21 -1 -1 -1 -1 
593 46 615 176 23 32 -1 -1 -1 -1 
593 51 580 175 20 23 -1 -1 -1 -1 
594 46 615 178 23 32 -1 -1 -1 -1 
594 51 581 177 21 23 -1 -1 -1 -1 
595 46 615 178 23 32 -1 -1 -1 -1 
595 51 581 177 21 23 -1 -1 -1 -1 
596 46 617 180 22 33 -1 -1 -1 -1 
596 51 581 178 22 25 -1 -1 -1 -1 
597 46 618 183 21 32 -1 -1 -1 -1 
597 51 582 179 22 27 -1 -1 -1 -1 
598 46 618 183 21 32 -1 -1 -1 -1 
598 51 582 179 22 27 -1 -1 -1 -1 
598 54 619 184 20 30 -1 -1 -1 -1 
599 46 622 184 17 33 -1 -1 -1 -1 
599 51 582 181 25 28 -1 -1 -1 -1 
599 54 621 184 18 32 -1 -1 -1 -1 
600 46 623 185 16 33 -1 -1 -1 -1 
600 51 582 184 26 27 -1 -1 -1 -1 
600 54 623 186 16 33 -1 -1 -1 -1 
601 46 623 185 16 33 -1 -1 -1 -1 
601 51 583 185 25 30 -1 -1 -1 -1 
602 51 583 185 25 30 -1 -1 -1 -1 
602 54 624 188 15 34 -1 -1 -1 -1 
603 51 584 186 24 34 -1 -1 -1 -1 
603 54 626 190 13 34 -1 -1 -1 -1 
604 51 586 190 26 33 -1 -1 -1 -1 
604 54 627 190 12 39 -1 -1 -1 -1 
605 51 586 190 26 33 -1 -1 -1 -1 
605 54 627 190 12 39 -1 -1 -1 -1 
606 51 585 192 29 35 -1 -1 -1 -1 
606 54 627 190 12 39 -1 -1 -1 -1 
607 51 588 194 28 39 -1 -1 -1 -1 
608 51 588 194 28 39 -1 -1 -1 -1 
608 55 589 168 13 13 -1 -1 -1 -1 
609 51 588 198 31 38 -1 -1 -1 -1 
609 55 589 169 14 13 -1 -1 -1 -1 
610 51 588 198 31 38 -1 -1 -1 -1 
610 55 589 169 14 13 -1 -1 -1 -1 
611 51 588 198 31 38 -1 -1 -1 -1 
612 55 590 172 14 11 -1 -1 -1 -1 
613 55 590 172 14 11 -1 -1 -1 -1 
614 55 591 171 14 14 -1 -1 -1 -1 
615 55 591 173 15 14 -1 -1 -1 -1 
616 55 591 173 15 14 -1 -1 -1 -1 
617 55 593 173 16 17 -1 -1 -1 -1 
617 57 592 217 43 59 -1 -1 -1 -1 
618 55 594 176 15 15 -1 -1 -1 -1 
618 57 593 224 45 63 -1 -1 -1 -1 
619 55 594 176 15 15 -1 -1 -1 -1 
619 57 593 224 45 63 -1 -1 -1 -1 
620 55 595 177 15 16 -1 -1 -1 -1 
620 57 595 231 44 66 -1 -1 -1 -1 
621 55 595 178 15 18 -1 -1 -1 -1 
622 55 596 179 15 18 -1 -1 -1 -1 
623 55 596 179 15 18 -1 -1 -1 -1 
624 55 597 180 16 19 -1 -1 -1 -1 
624 59 601 257 38 88 -1 -1 -1 -1 
625 55 597 183 18 20 -1 -1 -1 -1 
625 59 602 266 37 99 -1 -1 -1 -1 
626 55 597 183 18 20 -1 -1 -1 -1 
626 59 602 266 37 99 -1 -1 -1 -1 
627 55 598 184 18 20 -1 -1 -1 -1 
628 55 598 184 18 20 -1 -1 -1 -1 
629 55 599 187 19 21 -1 -1 -1 -1 
630 55 601 189 20 23 -1 -1 -1 -1 
631 55 601 189 20 23 -1 -1 -1 -1 
632 55 602 190 20 25 -1 -1 -1 -1 
633 55 602 190 20 25 -1 -1 -1 -1 
634 55 603 194 21 26 -1 -1 -1 -1 
635 55 605 196 22 27 -1 -1 -1 -1 
636 55 605 196 22 27 -1 -1 -1 -1 
637 55 605 199 23 27 -1 -1 -1 -1 
638 55 606 202 25 29 -1 -1 -1 -1 
639 55 606 202 25 29 -1 -1 -1 -1 
640 55 608 207 25 31 -1 -1 -1 -1 
641 55 610 210 29 33 -1 -1 -1 -1 
642 55 610 210 29 33 -1 -1 -1 -1 
643 55 611 214 28 36 -1 -1 -1 -1 
644 55 611 214 28 36 -1 -1 -1 -1 
645 55 613 217 26 39 -1 -1 -1 -1 
646 55 614 219 25 44 -1 -1 -1 -1 
647 55 614 219 25 44 -1 -1 -1 -1 
649 55 619 234 20 47 -1 -1 -1 -1 
650 55 619 234 20 47 -1 -1 -1 -1 
