4 4 393 184 46 33 -1 -1 -1 -1 
5 4 393 184 46 33 -1 -1 -1 -1 
6 4 400 181 44 33 -1 -1 -1 -1 
7 4 407 179 41 31 -1 -1 -1 -1 
8 4 411 177 41 30 -1 -1 -1 -1 
8 7 591 210 33 46 -1 -1 -1 -1 
9 4 411 177 41 30 -1 -1 -1 -1 
11 8 479 153 21 21 -1 -1 -1 -1 
12 8 480 153 21 20 -1 -1 -1 -1 
13 8 483 152 20 19 -1 -1 -1 -1 
13 9 579 158 13 13 -1 -1 -1 -1 
14 8 485 151 18 19 -1 -1 -1 -1 
14 9 579 158 13 14 -1 -1 -1 -1 
15 8 486 149 19 21 -1 -1 -1 -1 
15 9 579 159 13 14 -1 -1 -1 -1 
16 8 488 150 18 18 -1 -1 -1 -1 
16 9 578 160 15 15 -1 -1 -1 -1 
17 8 489 150 17 18 -1 -1 -1 -1 
17 9 579 161 16 15 -1 -1 -1 -1 
18 8 490 149 17 18 -1 -1 -1 -1 
18 9 578 163 17 15 -1 -1 -1 -1 
19 8 492 148 17 17 -1 -1 -1 -1 
19 9 579 164 17 16 -1 -1 -1 -1 
20 8 494 148 15 17 -1 -1 -1 -1 
20 9 581 166 16 14 -1 -1 -1 -1 
21 8 495 147 16 17 -1 -1 -1 -1 
21 9 582 167 15 14 -1 -1 -1 -1 
22 8 495 147 16 17 -1 -1 -1 -1 
22 9 582 167 15 14 -1 -1 -1 -1 
23 8 496 147 16 16 -1 -1 -1 -1 
23 9 582 167 16 17 -1 -1 -1 -1 
24 8 497 146 16 17 -1 -1 -1 -1 
24 9 582 169 16 16 -1 -1 -1 -1 
25 8 497 146 17 17 -1 -1 -1 -1 
25 9 583 168 16 19 -1 -1 -1 -1 
26 8 499 146 15 16 -1 -1 -1 -1 
26 9 584 168 16 20 -1 -1 -1 -1 
27 8 500 146 15 15 -1 -1 -1 -1 
27 9 585 172 16 19 -1 -1 -1 -1 
27 10 579 148 19 12 -1 -1 -1 -1 
28 8 501 145 15 16 -1 -1 -1 -1 
28 9 585 174 17 18 -1 -1 -1 -1 
29 8 502 145 14 15 -1 -1 -1 -1 
29 9 586 174 18 21 -1 -1 -1 -1 
29 10 577 149 17 13 -1 -1 -1 -1 
30 8 504 145 13 15 -1 -1 -1 -1 
30 9 586 175 19 23 -1 -1 -1 -1 
30 10 577 148 17 14 -1 -1 -1 -1 
31 8 504 145 13 15 -1 -1 -1 -1 
31 9 586 175 19 23 -1 -1 -1 -1 
31 10 577 148 17 14 -1 -1 -1 -1 
32 8 506 145 11 14 -1 -1 -1 -1 
32 9 587 177 19 23 -1 -1 -1 -1 
33 8 505 143 14 15 -1 -1 -1 -1 
33 9 587 179 21 24 -1 -1 -1 -1 
34 8 506 142 14 16 -1 -1 -1 -1 
34 9 587 180 22 25 -1 -1 -1 -1 
35 8 507 141 14 16 -1 -1 -1 -1 
35 9 589 182 20 26 -1 -1 -1 -1 
36 8 507 141 14 16 -1 -1 -1 -1 
36 9 589 182 20 26 -1 -1 -1 -1 
37 8 508 141 13 15 -1 -1 -1 -1 
37 9 590 185 21 27 -1 -1 -1 -1 
37 11 577 149 22 18 -1 -1 -1 -1 
38 8 509 141 13 15 -1 -1 -1 -1 
38 9 590 187 23 29 -1 -1 -1 -1 
38 11 577 151 20 18 -1 -1 -1 -1 
39 8 509 141 13 15 -1 -1 -1 -1 
39 9 592 189 23 31 -1 -1 -1 -1 
40 8 510 141 12 14 -1 -1 -1 -1 
40 9 591 193 28 32 -1 -1 -1 -1 
40 11 578 154 16 16 -1 -1 -1 -1 
41 8 510 141 12 14 -1 -1 -1 -1 
41 9 593 196 27 35 -1 -1 -1 -1 
42 9 594 199 29 34 -1 -1 -1 -1 
42 11 578 155 17 18 -1 -1 -1 -1 
43 9 594 199 29 34 -1 -1 -1 -1 
43 11 578 155 17 18 -1 -1 -1 -1 
44 8 512 140 14 14 -1 -1 -1 -1 
44 9 596 202 28 38 -1 -1 -1 -1 
44 11 578 155 16 19 -1 -1 -1 -1 
45 8 512 140 14 14 -1 -1 -1 -1 
45 9 596 206 31 39 -1 -1 -1 -1 
46 8 513 139 13 13 -1 -1 -1 -1 
46 9 598 209 32 41 -1 -1 -1 -1 
46 11 579 161 16 16 -1 -1 -1 -1 
47 8 513 139 13 13 -1 -1 -1 -1 
47 9 598 209 32 41 -1 -1 -1 -1 
47 11 608 184 18 18 -1 -1 -1 -1 
48 11 609 185 18 17 -1 -1 -1 -1 
49 11 609 186 18 17 -1 -1 -1 -1 
49 13 423 180 37 27 -1 -1 -1 -1 
49 14 597 168 16 15 -1 -1 -1 -1 
50 11 610 187 18 17 -1 -1 -1 -1 
50 13 429 178 36 27 -1 -1 -1 -1 
50 14 597 167 16 17 -1 -1 -1 -1 
51 11 576 154 14 16 -1 -1 -1 -1 
51 13 434 177 34 26 -1 -1 -1 -1 
51 14 599 170 16 15 -1 -1 -1 -1 
52 11 577 152 14 19 -1 -1 -1 -1 
52 13 439 174 32 25 -1 -1 -1 -1 
52 14 600 171 15 14 -1 -1 -1 -1 
53 11 577 154 14 18 -1 -1 -1 -1 
53 13 443 173 32 23 -1 -1 -1 -1 
53 14 599 171 17 15 -1 -1 -1 -1 
53 16 612 186 20 23 -1 -1 -1 -1 
54 11 577 154 14 18 -1 -1 -1 -1 
54 13 443 173 32 23 -1 -1 -1 -1 
54 14 599 171 17 15 -1 -1 -1 -1 
54 16 612 186 20 23 -1 -1 -1 -1 
55 11 577 154 14 18 -1 -1 -1 -1 
55 13 447 171 30 24 -1 -1 -1 -1 
55 14 600 173 16 13 -1 -1 -1 -1 
56 13 451 169 29 23 -1 -1 -1 -1 
56 14 600 172 16 16 -1 -1 -1 -1 
56 16 615 188 20 24 -1 -1 -1 -1 
57 13 454 168 28 23 -1 -1 -1 -1 
57 14 601 173 16 15 -1 -1 -1 -1 
57 16 616 189 21 25 -1 -1 -1 -1 
58 13 457 167 27 22 -1 -1 -1 -1 
58 14 603 174 16 16 -1 -1 -1 -1 
58 16 617 190 21 25 -1 -1 -1 -1 
59 13 460 165 27 21 -1 -1 -1 -1 
59 14 603 176 17 16 -1 -1 -1 -1 
59 16 617 190 22 27 -1 -1 -1 -1 
60 13 460 165 27 21 -1 -1 -1 -1 
60 14 603 176 17 16 -1 -1 -1 -1 
60 16 617 190 22 27 -1 -1 -1 -1 
61 13 463 164 26 21 -1 -1 -1 -1 
61 14 603 176 17 16 -1 -1 -1 -1 
61 16 618 191 21 29 -1 -1 -1 -1 
62 13 466 164 25 19 -1 -1 -1 -1 
62 14 604 177 17 16 -1 -1 -1 -1 
62 16 620 193 19 28 -1 -1 -1 -1 
63 13 470 162 22 20 -1 -1 -1 -1 
63 14 605 177 16 16 -1 -1 -1 -1 
63 16 621 195 18 29 -1 -1 -1 -1 
64 13 472 160 23 19 -1 -1 -1 -1 
64 14 605 177 17 17 -1 -1 -1 -1 
64 16 622 196 17 29 -1 -1 -1 -1 
65 13 472 160 23 19 -1 -1 -1 -1 
65 14 605 177 17 17 -1 -1 -1 -1 
65 16 622 196 17 29 -1 -1 -1 -1 
66 13 474 160 22 18 -1 -1 -1 -1 
66 14 607 177 15 19 -1 -1 -1 -1 
66 16 623 196 16 31 -1 -1 -1 -1 
67 13 476 161 23 17 -1 -1 -1 -1 
67 14 607 177 16 20 -1 -1 -1 -1 
67 16 624 197 15 34 -1 -1 -1 -1 
68 13 478 160 22 17 -1 -1 -1 -1 
68 14 607 177 17 21 -1 -1 -1 -1 
68 16 624 200 15 32 -1 -1 -1 -1 
69 13 480 158 21 16 -1 -1 -1 -1 
69 14 607 178 19 22 -1 -1 -1 -1 
70 13 480 158 21 16 -1 -1 -1 -1 
70 14 607 178 19 22 -1 -1 -1 -1 
71 13 483 156 20 17 -1 -1 -1 -1 
71 14 608 181 19 20 -1 -1 -1 -1 
72 13 485 155 19 18 -1 -1 -1 -1 
72 14 607 182 21 21 -1 -1 -1 -1 
73 13 487 154 19 17 -1 -1 -1 -1 
73 14 608 184 21 20 -1 -1 -1 -1 
74 13 489 154 19 16 -1 -1 -1 -1 
74 14 609 185 20 21 -1 -1 -1 -1 
75 13 490 154 19 16 -1 -1 -1 -1 
75 14 611 185 21 22 -1 -1 -1 -1 
76 13 490 154 19 16 -1 -1 -1 -1 
76 14 611 185 21 22 -1 -1 -1 -1 
77 13 492 152 18 16 -1 -1 -1 -1 
77 14 612 186 21 22 -1 -1 -1 -1 
78 13 494 152 18 15 -1 -1 -1 -1 
78 14 612 187 22 23 -1 -1 -1 -1 
79 13 496 151 16 15 -1 -1 -1 -1 
79 14 615 187 21 24 -1 -1 -1 -1 
80 13 497 151 16 13 -1 -1 -1 -1 
80 14 616 188 22 25 -1 -1 -1 -1 
80 19 0 330 177 141 -1 -1 -1 -1 
81 13 498 151 16 12 -1 -1 -1 -1 
81 14 616 189 23 26 -1 -1 -1 -1 
81 19 31 310 184 127 -1 -1 -1 -1 
82 13 499 151 16 13 -1 -1 -1 -1 
82 14 616 191 23 27 -1 -1 -1 -1 
82 19 82 291 167 119 -1 -1 -1 -1 
82 20 579 173 28 36 -1 -1 -1 -1 
83 13 500 150 16 13 -1 -1 -1 -1 
83 14 617 192 22 28 -1 -1 -1 -1 
83 19 126 276 150 103 -1 -1 -1 -1 
84 13 501 149 15 14 -1 -1 -1 -1 
84 14 618 193 21 27 -1 -1 -1 -1 
84 19 165 265 135 90 -1 -1 -1 -1 
85 13 503 149 14 12 -1 -1 -1 -1 
85 14 618 195 21 29 -1 -1 -1 -1 
85 19 199 253 122 84 -1 -1 -1 -1 
86 13 503 149 14 12 -1 -1 -1 -1 
86 14 618 195 21 29 -1 -1 -1 -1 
86 19 199 253 122 84 -1 -1 -1 -1 
87 13 505 149 12 12 -1 -1 -1 -1 
87 14 621 196 18 29 -1 -1 -1 -1 
87 19 229 243 111 76 -1 -1 -1 -1 
88 13 505 149 12 12 -1 -1 -1 -1 
88 14 623 197 16 28 -1 -1 -1 -1 
88 19 255 233 101 70 -1 -1 -1 -1 
89 13 506 147 15 12 -1 -1 -1 -1 
89 14 623 198 16 31 -1 -1 -1 -1 
89 19 278 224 94 65 -1 -1 -1 -1 
89 20 583 178 33 50 -1 -1 -1 -1 
90 13 506 147 15 12 -1 -1 -1 -1 
90 14 625 200 14 31 -1 -1 -1 -1 
90 19 317 212 77 55 -1 -1 -1 -1 
91 14 625 205 14 29 -1 -1 -1 -1 
91 19 331 206 71 53 -1 -1 -1 -1 
91 20 586 185 35 54 -1 -1 -1 -1 
92 14 626 207 13 29 -1 -1 -1 -1 
92 19 345 200 67 51 -1 -1 -1 -1 
92 20 587 186 37 56 -1 -1 -1 -1 
93 14 627 207 12 31 -1 -1 -1 -1 
93 19 357 198 64 47 -1 -1 -1 -1 
93 20 588 197 36 50 -1 -1 -1 -1 
94 14 627 207 12 31 -1 -1 -1 -1 
95 19 379 192 55 41 -1 -1 -1 -1 
95 20 590 192 39 67 -1 -1 -1 -1 
96 19 379 192 55 41 -1 -1 -1 -1 
96 20 590 192 39 67 -1 -1 -1 -1 
97 19 389 189 52 39 -1 -1 -1 -1 
97 20 589 193 44 74 -1 -1 -1 -1 
98 13 507 145 14 12 -1 -1 -1 -1 
98 14 620 190 19 23 -1 -1 -1 -1 
98 19 389 189 52 39 -1 -1 -1 -1 
99 13 508 144 14 13 -1 -1 -1 -1 
99 14 585 174 16 18 -1 -1 -1 -1 
100 13 510 144 13 12 -1 -1 -1 -1 
100 14 586 175 16 20 -1 -1 -1 -1 
101 13 511 143 13 12 -1 -1 -1 -1 
101 14 586 175 17 21 -1 -1 -1 -1 
101 23 624 197 15 22 -1 -1 -1 -1 
102 13 511 143 13 12 -1 -1 -1 -1 
102 14 586 178 18 20 -1 -1 -1 -1 
102 23 624 198 15 22 -1 -1 -1 -1 
103 13 512 142 13 13 -1 -1 -1 -1 
103 14 586 182 19 18 -1 -1 -1 -1 
103 23 625 197 14 25 -1 -1 -1 -1 
104 13 512 142 14 11 -1 -1 -1 -1 
104 14 587 182 19 21 -1 -1 -1 -1 
104 23 627 200 12 23 -1 -1 -1 -1 
105 13 513 141 13 12 -1 -1 -1 -1 
105 14 586 181 21 23 -1 -1 -1 -1 
105 23 627 201 12 25 -1 -1 -1 -1 
106 13 515 142 11 10 -1 -1 -1 -1 
106 14 587 182 21 24 -1 -1 -1 -1 
106 23 628 206 11 21 -1 -1 -1 -1 
106 24 587 152 13 11 -1 -1 -1 -1 
107 13 515 142 11 10 -1 -1 -1 -1 
107 14 587 182 21 24 -1 -1 -1 -1 
107 23 628 206 11 21 -1 -1 -1 -1 
107 24 587 152 13 11 -1 -1 -1 -1 
108 13 515 142 11 10 -1 -1 -1 -1 
108 14 588 184 21 24 -1 -1 -1 -1 
108 23 629 207 10 23 -1 -1 -1 -1 
109 14 589 185 21 26 -1 -1 -1 -1 
109 23 629 207 10 23 -1 -1 -1 -1 
110 14 589 187 21 27 -1 -1 -1 -1 
110 24 588 152 13 11 -1 -1 -1 -1 
111 14 590 188 21 30 -1 -1 -1 -1 
111 24 588 153 13 13 -1 -1 -1 -1 
112 14 590 188 21 30 -1 -1 -1 -1 
112 24 588 153 13 13 -1 -1 -1 -1 
113 14 590 191 23 29 -1 -1 -1 -1 
113 24 588 153 13 13 -1 -1 -1 -1 
114 14 590 193 26 30 -1 -1 -1 -1 
115 14 590 195 27 32 -1 -1 -1 -1 
115 24 589 154 14 13 -1 -1 -1 -1 
116 14 591 196 28 36 -1 -1 -1 -1 
116 24 591 155 12 12 -1 -1 -1 -1 
117 14 591 196 28 36 -1 -1 -1 -1 
117 24 591 155 12 12 -1 -1 -1 -1 
118 14 593 199 27 34 -1 -1 -1 -1 
118 24 591 155 13 13 -1 -1 -1 -1 
119 14 594 204 28 35 -1 -1 -1 -1 
119 24 590 155 15 14 -1 -1 -1 -1 
120 14 595 205 29 39 -1 -1 -1 -1 
120 24 591 156 14 14 -1 -1 -1 -1 
121 14 595 208 31 39 -1 -1 -1 -1 
121 24 592 157 14 13 -1 -1 -1 -1 
122 14 595 208 31 39 -1 -1 -1 -1 
122 24 579 155 10 14 -1 -1 -1 -1 
123 24 579 157 10 13 -1 -1 -1 -1 
124 24 579 158 11 13 -1 -1 -1 -1 
124 25 624 199 15 32 -1 -1 -1 -1 
125 24 579 158 12 14 -1 -1 -1 -1 
125 25 625 203 14 29 -1 -1 -1 -1 
126 24 580 160 11 12 -1 -1 -1 -1 
126 25 627 206 12 29 -1 -1 -1 -1 
127 24 579 160 13 14 -1 -1 -1 -1 
128 24 579 161 14 14 -1 -1 -1 -1 
129 24 579 162 15 14 -1 -1 -1 -1 
130 24 579 162 16 15 -1 -1 -1 -1 
131 24 579 164 17 15 -1 -1 -1 -1 
132 24 580 165 16 15 -1 -1 -1 -1 
132 27 54 333 194 135 -1 -1 -1 -1 
133 24 580 166 17 15 -1 -1 -1 -1 
133 27 114 308 172 115 -1 -1 -1 -1 
134 24 580 166 17 15 -1 -1 -1 -1 
134 27 114 308 172 115 -1 -1 -1 -1 
135 24 581 167 16 15 -1 -1 -1 -1 
135 27 168 289 149 101 -1 -1 -1 -1 
136 24 582 167 16 18 -1 -1 -1 -1 
136 27 211 270 129 90 -1 -1 -1 -1 
137 24 582 168 16 18 -1 -1 -1 -1 
137 27 248 255 115 82 -1 -1 -1 -1 
138 24 582 169 16 19 -1 -1 -1 -1 
138 27 280 244 103 72 -1 -1 -1 -1 
139 24 583 169 16 19 -1 -1 -1 -1 
139 27 306 233 89 66 -1 -1 -1 -1 
140 24 583 171 17 21 -1 -1 -1 -1 
140 27 328 223 80 61 -1 -1 -1 -1 
141 24 583 171 17 21 -1 -1 -1 -1 
141 27 328 223 80 61 -1 -1 -1 -1 
142 24 585 173 15 19 -1 -1 -1 -1 
142 27 347 217 74 54 -1 -1 -1 -1 
143 24 585 173 16 22 -1 -1 -1 -1 
143 27 364 210 66 54 -1 -1 -1 -1 
144 24 585 175 18 22 -1 -1 -1 -1 
144 27 377 204 63 52 -1 -1 -1 -1 
145 24 584 175 21 24 -1 -1 -1 -1 
145 27 389 200 58 46 -1 -1 -1 -1 
146 24 584 175 21 24 -1 -1 -1 -1 
146 27 389 200 58 46 -1 -1 -1 -1 
147 24 585 178 20 24 -1 -1 -1 -1 
147 27 399 196 56 42 -1 -1 -1 -1 
148 24 586 180 21 24 -1 -1 -1 -1 
148 27 410 192 48 38 -1 -1 -1 -1 
149 24 586 180 22 27 -1 -1 -1 -1 
149 27 417 190 45 35 -1 -1 -1 -1 
150 24 587 182 22 27 -1 -1 -1 -1 
150 27 427 187 41 32 -1 -1 -1 -1 
151 24 587 182 22 27 -1 -1 -1 -1 
151 27 427 187 41 32 -1 -1 -1 -1 
152 24 588 184 21 27 -1 -1 -1 -1 
152 27 434 184 38 32 -1 -1 -1 -1 
153 24 589 187 21 29 -1 -1 -1 -1 
153 27 439 182 37 28 -1 -1 -1 -1 
154 24 590 189 23 31 -1 -1 -1 -1 
154 27 446 178 35 28 -1 -1 -1 -1 
155 24 589 192 26 32 -1 -1 -1 -1 
155 27 450 175 35 28 -1 -1 -1 -1 
156 24 590 195 28 35 -1 -1 -1 -1 
156 27 454 174 33 26 -1 -1 -1 -1 
157 24 590 195 28 35 -1 -1 -1 -1 
157 27 454 174 33 26 -1 -1 -1 -1 
158 24 591 198 28 33 -1 -1 -1 -1 
158 27 460 172 30 24 -1 -1 -1 -1 
159 24 592 200 30 33 -1 -1 -1 -1 
159 27 464 169 29 26 -1 -1 -1 -1 
160 24 593 203 30 40 -1 -1 -1 -1 
160 27 468 168 27 25 -1 -1 -1 -1 
161 24 594 207 31 40 -1 -1 -1 -1 
161 27 472 166 26 24 -1 -1 -1 -1 
162 24 594 207 31 40 -1 -1 -1 -1 
164 31 597 168 14 14 -1 -1 -1 -1 
165 31 597 167 14 15 -1 -1 -1 -1 
166 31 597 169 15 14 -1 -1 -1 -1 
167 31 598 170 15 14 -1 -1 -1 -1 
168 31 599 173 15 11 -1 -1 -1 -1 
169 31 599 173 15 11 -1 -1 -1 -1 
170 31 600 173 15 12 -1 -1 -1 -1 
171 31 600 174 16 14 -1 -1 -1 -1 
172 31 601 174 16 16 -1 -1 -1 -1 
173 31 602 175 16 16 -1 -1 -1 -1 
174 31 602 177 17 15 -1 -1 -1 -1 
175 31 602 177 17 15 -1 -1 -1 -1 
176 31 604 178 16 15 -1 -1 -1 -1 
177 24 604 177 17 20 -1 -1 -1 -1 
178 24 605 177 17 21 -1 -1 -1 -1 
179 24 607 178 16 21 -1 -1 -1 -1 
180 24 607 178 16 21 -1 -1 -1 -1 
181 24 607 178 17 23 -1 -1 -1 -1 
182 24 608 182 18 21 -1 -1 -1 -1 
183 24 608 185 19 19 -1 -1 -1 -1 
184 24 609 186 20 20 -1 -1 -1 -1 
185 24 609 186 20 20 -1 -1 -1 -1 
186 24 610 187 20 22 -1 -1 -1 -1 
187 24 611 188 22 23 -1 -1 -1 -1 
188 24 613 189 21 25 -1 -1 -1 -1 
189 24 615 190 22 27 -1 -1 -1 -1 
190 24 615 190 22 27 -1 -1 -1 -1 
191 24 615 192 24 28 -1 -1 -1 -1 
192 24 617 194 22 29 -1 -1 -1 -1 
193 24 618 196 21 30 -1 -1 -1 -1 
194 24 620 198 19 32 -1 -1 -1 -1 
195 24 620 198 19 32 -1 -1 -1 -1 
196 24 620 201 19 30 -1 -1 -1 -1 
197 24 623 205 16 29 -1 -1 -1 -1 
198 24 625 208 14 29 -1 -1 -1 -1 
204 24 625 208 14 29 -1 -1 -1 -1 
210 32 588 150 12 11 -1 -1 -1 -1 
211 32 588 151 12 10 -1 -1 -1 -1 
212 32 588 151 12 10 -1 -1 -1 -1 
213 32 589 151 10 10 -1 -1 -1 -1 
214 32 589 151 11 11 -1 -1 -1 -1 
235 32 592 157 13 12 -1 -1 -1 -1 
236 32 592 157 13 12 -1 -1 -1 -1 
237 32 592 157 13 12 -1 -1 -1 -1 
238 32 593 157 13 12 -1 -1 -1 -1 
239 32 593 157 14 12 -1 -1 -1 -1 
248 24 594 157 15 17 -1 -1 -1 -1 
251 24 578 162 15 15 -1 -1 -1 -1 
254 24 578 165 17 16 -1 -1 -1 -1 
255 24 578 167 17 15 -1 -1 -1 -1 
256 24 578 167 19 16 -1 -1 -1 -1 
256 32 598 165 12 16 -1 -1 -1 -1 
257 24 579 169 16 15 -1 -1 -1 -1 
257 32 598 167 12 14 -1 -1 -1 -1 
258 24 579 170 17 15 -1 -1 -1 -1 
258 32 598 168 13 14 -1 -1 -1 -1 
259 24 579 171 17 16 -1 -1 -1 -1 
259 32 599 169 13 14 -1 -1 -1 -1 
260 24 580 170 18 18 -1 -1 -1 -1 
260 32 600 169 13 14 -1 -1 -1 -1 
261 24 580 171 18 18 -1 -1 -1 -1 
261 32 600 170 14 13 -1 -1 -1 -1 
262 24 581 171 19 21 -1 -1 -1 -1 
262 32 601 169 15 14 -1 -1 -1 -1 
263 24 581 171 19 21 -1 -1 -1 -1 
263 32 601 169 15 14 -1 -1 -1 -1 
264 24 582 173 18 21 -1 -1 -1 -1 
264 32 601 169 15 14 -1 -1 -1 -1 
265 24 582 174 19 23 -1 -1 -1 -1 
265 32 601 168 16 16 -1 -1 -1 -1 
266 24 583 176 18 23 -1 -1 -1 -1 
266 32 601 170 16 15 -1 -1 -1 -1 
267 24 584 177 18 23 -1 -1 -1 -1 
267 32 603 169 15 16 -1 -1 -1 -1 
268 24 585 180 20 23 -1 -1 -1 -1 
268 32 604 170 15 16 -1 -1 -1 -1 
269 24 585 182 21 24 -1 -1 -1 -1 
269 32 604 171 15 16 -1 -1 -1 -1 
270 24 585 183 22 26 -1 -1 -1 -1 
270 32 605 171 15 16 -1 -1 -1 -1 
271 24 585 185 23 28 -1 -1 -1 -1 
271 32 605 171 16 17 -1 -1 -1 -1 
272 24 585 186 25 29 -1 -1 -1 -1 
272 32 605 172 16 18 -1 -1 -1 -1 
273 24 587 189 23 31 -1 -1 -1 -1 
273 32 606 172 16 20 -1 -1 -1 -1 
274 24 588 192 25 29 -1 -1 -1 -1 
274 32 606 175 16 17 -1 -1 -1 -1 
275 24 589 195 27 33 -1 -1 -1 -1 
275 32 607 177 15 15 -1 -1 -1 -1 
276 24 589 197 30 37 -1 -1 -1 -1 
276 32 607 177 16 16 -1 -1 -1 -1 
277 24 590 198 31 40 -1 -1 -1 -1 
277 32 607 176 18 19 -1 -1 -1 -1 
278 24 591 202 31 41 -1 -1 -1 -1 
278 32 608 176 18 20 -1 -1 -1 -1 
279 24 593 206 32 41 -1 -1 -1 -1 
279 32 608 177 18 21 -1 -1 -1 -1 
280 24 594 211 34 44 -1 -1 -1 -1 
280 32 609 179 18 21 -1 -1 -1 -1 
281 24 596 213 35 49 -1 -1 -1 -1 
281 32 610 179 18 22 -1 -1 -1 -1 
282 24 597 217 37 52 -1 -1 -1 -1 
282 32 610 179 17 23 -1 -1 -1 -1 
283 24 598 225 40 56 -1 -1 -1 -1 
283 32 611 180 18 23 -1 -1 -1 -1 
284 24 601 229 38 61 -1 -1 -1 -1 
284 32 611 181 21 23 -1 -1 -1 -1 
285 24 602 236 37 66 -1 -1 -1 -1 
285 32 613 183 20 22 -1 -1 -1 -1 
286 24 603 243 36 72 -1 -1 -1 -1 
286 32 615 184 19 22 -1 -1 -1 -1 
287 24 606 250 33 78 -1 -1 -1 -1 
287 32 615 186 20 21 -1 -1 -1 -1 
288 24 606 250 33 78 -1 -1 -1 -1 
288 32 616 186 20 22 -1 -1 -1 -1 
289 32 616 186 22 24 -1 -1 -1 -1 
289 33 0 318 175 142 -1 -1 -1 -1 
290 32 617 187 22 25 -1 -1 -1 -1 
290 33 32 299 181 126 -1 -1 -1 -1 
291 32 618 188 21 25 -1 -1 -1 -1 
291 33 84 281 165 115 -1 -1 -1 -1 
292 32 619 189 20 25 -1 -1 -1 -1 
292 33 129 267 149 103 -1 -1 -1 -1 
293 32 619 190 20 26 -1 -1 -1 -1 
293 33 170 252 132 94 -1 -1 -1 -1 
294 32 619 191 20 28 -1 -1 -1 -1 
294 33 204 243 120 84 -1 -1 -1 -1 
295 32 622 192 17 27 -1 -1 -1 -1 
295 33 235 233 108 77 -1 -1 -1 -1 
296 32 623 193 16 27 -1 -1 -1 -1 
296 33 262 226 97 70 -1 -1 -1 -1 
297 32 624 194 15 28 -1 -1 -1 -1 
297 33 284 213 89 69 -1 -1 -1 -1 
298 32 624 196 15 27 -1 -1 -1 -1 
298 33 305 211 80 60 -1 -1 -1 -1 
299 32 625 199 14 25 -1 -1 -1 -1 
299 33 322 206 74 57 -1 -1 -1 -1 
300 32 626 199 13 28 -1 -1 -1 -1 
300 33 338 198 69 55 -1 -1 -1 -1 
300 35 585 151 14 13 -1 -1 -1 -1 
301 32 627 206 12 23 -1 -1 -1 -1 
301 33 352 195 63 51 -1 -1 -1 -1 
302 32 628 208 11 22 -1 -1 -1 -1 
302 33 364 193 60 48 -1 -1 -1 -1 
303 32 628 208 11 22 -1 -1 -1 -1 
303 33 375 192 55 43 -1 -1 -1 -1 
304 33 384 188 52 41 -1 -1 -1 -1 
304 35 586 153 14 15 -1 -1 -1 -1 
305 33 395 186 49 38 -1 -1 -1 -1 
305 35 586 153 14 15 -1 -1 -1 -1 
306 33 403 183 45 36 -1 -1 -1 -1 
306 35 586 154 14 15 -1 -1 -1 -1 
307 33 410 180 44 36 -1 -1 -1 -1 
307 35 586 155 14 15 -1 -1 -1 -1 
308 33 415 178 41 33 -1 -1 -1 -1 
308 35 586 156 14 14 -1 -1 -1 -1 
309 33 422 176 39 31 -1 -1 -1 -1 
309 35 586 155 15 15 -1 -1 -1 -1 
310 33 429 174 35 30 -1 -1 -1 -1 
310 35 586 155 15 15 -1 -1 -1 -1 
311 33 434 172 35 28 -1 -1 -1 -1 
311 35 587 156 13 16 -1 -1 -1 -1 
312 33 438 170 34 28 -1 -1 -1 -1 
312 35 587 157 14 16 -1 -1 -1 -1 
313 33 438 170 34 28 -1 -1 -1 -1 
314 35 587 157 14 17 -1 -1 -1 -1 
315 35 587 157 15 18 -1 -1 -1 -1 
316 35 588 158 14 18 -1 -1 -1 -1 
317 33 458 163 28 23 -1 -1 -1 -1 
317 35 589 158 13 19 -1 -1 -1 -1 
318 33 463 161 25 24 -1 -1 -1 -1 
318 35 589 158 14 21 -1 -1 -1 -1 
319 33 465 160 25 23 -1 -1 -1 -1 
320 33 466 158 26 23 -1 -1 -1 -1 
321 33 471 158 21 21 -1 -1 -1 -1 
322 33 472 156 23 22 -1 -1 -1 -1 
323 33 474 155 23 21 -1 -1 -1 -1 
323 35 590 162 15 20 -1 -1 -1 -1 
324 33 478 155 21 20 -1 -1 -1 -1 
324 35 590 163 16 19 -1 -1 -1 -1 
325 33 478 154 22 20 -1 -1 -1 -1 
325 35 591 164 16 20 -1 -1 -1 -1 
326 33 482 153 19 19 -1 -1 -1 -1 
326 35 591 164 17 21 -1 -1 -1 -1 
327 33 483 153 20 18 -1 -1 -1 -1 
327 35 592 165 17 20 -1 -1 -1 -1 
328 33 486 151 18 19 -1 -1 -1 -1 
328 35 592 167 17 20 -1 -1 -1 -1 
329 33 487 150 18 20 -1 -1 -1 -1 
329 35 592 167 17 21 -1 -1 -1 -1 
330 33 489 150 17 18 -1 -1 -1 -1 
330 35 592 167 18 22 -1 -1 -1 -1 
331 33 490 150 17 17 -1 -1 -1 -1 
331 35 593 169 17 20 -1 -1 -1 -1 
332 33 492 150 16 15 -1 -1 -1 -1 
332 35 594 169 17 22 -1 -1 -1 -1 
333 33 492 150 16 15 -1 -1 -1 -1 
334 33 495 150 17 14 -1 -1 -1 -1 
334 35 596 169 17 24 -1 -1 -1 -1 
335 33 496 148 16 16 -1 -1 -1 -1 
335 35 596 171 18 25 -1 -1 -1 -1 
336 33 497 148 16 14 -1 -1 -1 -1 
336 35 596 171 19 25 -1 -1 -1 -1 
337 33 499 147 15 15 -1 -1 -1 -1 
337 35 596 173 20 25 -1 -1 -1 -1 
338 33 500 147 15 13 -1 -1 -1 -1 
338 35 596 174 20 26 -1 -1 -1 -1 
339 33 501 146 14 15 -1 -1 -1 -1 
339 35 596 175 21 27 -1 -1 -1 -1 
340 33 501 146 14 15 -1 -1 -1 -1 
341 35 597 176 22 28 -1 -1 -1 -1 
342 35 599 176 21 29 -1 -1 -1 -1 
343 35 599 179 23 27 -1 -1 -1 -1 
344 35 599 179 24 29 -1 -1 -1 -1 
346 35 600 182 27 31 -1 -1 -1 -1 
347 35 600 183 27 34 -1 -1 -1 -1 
348 35 601 185 27 34 -1 -1 -1 -1 
349 35 601 187 29 34 -1 -1 -1 -1 
350 35 602 190 29 32 -1 -1 -1 -1 
353 35 605 190 30 39 -1 -1 -1 -1 
354 35 605 192 32 41 -1 -1 -1 -1 
355 35 606 192 33 44 -1 -1 -1 -1 
356 35 607 194 32 43 -1 -1 -1 -1 
357 35 608 197 31 44 -1 -1 -1 -1 
358 35 609 199 30 46 -1 -1 -1 -1 
359 35 610 201 29 48 -1 -1 -1 -1 
360 35 612 203 27 49 -1 -1 -1 -1 
362 33 600 168 13 13 -1 -1 -1 -1 
363 33 600 168 14 13 -1 -1 -1 -1 
364 33 601 168 15 13 -1 -1 -1 -1 
365 33 602 168 15 14 -1 -1 -1 -1 
366 33 602 168 15 14 -1 -1 -1 -1 
367 33 603 168 14 15 -1 -1 -1 -1 
368 33 604 170 14 15 -1 -1 -1 -1 
369 33 604 171 15 15 -1 -1 -1 -1 
370 33 605 172 15 16 -1 -1 -1 -1 
371 33 605 172 15 16 -1 -1 -1 -1 
372 33 606 173 15 16 -1 -1 -1 -1 
373 33 607 174 15 17 -1 -1 -1 -1 
374 33 607 174 15 17 -1 -1 -1 -1 
375 33 608 176 14 17 -1 -1 -1 -1 
376 33 608 176 16 19 -1 -1 -1 -1 
377 33 608 177 17 20 -1 -1 -1 -1 
378 33 609 178 18 20 -1 -1 -1 -1 
379 33 609 178 18 20 -1 -1 -1 -1 
380 33 611 181 17 19 -1 -1 -1 -1 
381 33 611 181 18 21 -1 -1 -1 -1 
382 33 613 183 19 21 -1 -1 -1 -1 
383 33 615 183 19 22 -1 -1 -1 -1 
384 33 615 183 19 22 -1 -1 -1 -1 
385 33 617 187 18 20 -1 -1 -1 -1 
386 33 617 187 20 22 -1 -1 -1 -1 
387 33 619 186 19 25 -1 -1 -1 -1 
388 33 619 187 20 26 -1 -1 -1 -1 
389 33 619 187 20 26 -1 -1 -1 -1 
390 33 621 190 18 26 -1 -1 -1 -1 
391 33 623 192 16 27 -1 -1 -1 -1 
392 33 624 194 15 27 -1 -1 -1 -1 
393 33 625 196 14 27 -1 -1 -1 -1 
394 33 626 198 13 28 -1 -1 -1 -1 
395 33 626 198 13 28 -1 -1 -1 -1 
545 33 626 198 13 28 -1 -1 -1 -1 
547 38 135 358 210 120 -1 -1 -1 -1 
548 38 207 325 172 141 -1 -1 -1 -1 
549 38 263 299 142 112 -1 -1 -1 -1 
550 38 302 270 125 104 -1 -1 -1 -1 
551 38 340 257 102 86 -1 -1 -1 -1 
552 38 366 242 89 77 -1 -1 -1 -1 
553 38 387 231 79 71 -1 -1 -1 -1 
554 38 404 222 71 65 -1 -1 -1 -1 
555 38 418 214 64 59 -1 -1 -1 -1 
556 38 418 214 64 59 -1 -1 -1 -1 
557 38 428 209 59 50 -1 -1 -1 -1 
558 38 441 205 50 44 -1 -1 -1 -1 
559 38 441 205 50 44 -1 -1 -1 -1 
560 38 458 195 43 41 -1 -1 -1 -1 
561 38 464 189 41 39 -1 -1 -1 -1 
562 38 470 186 37 36 -1 -1 -1 -1 
563 38 475 184 36 32 -1 -1 -1 -1 
564 38 479 181 34 32 -1 -1 -1 -1 
565 38 479 181 34 32 -1 -1 -1 -1 
567 38 489 173 28 29 -1 -1 -1 -1 
568 38 492 173 28 25 -1 -1 -1 -1 
569 38 495 170 26 26 -1 -1 -1 -1 
570 38 497 169 26 23 -1 -1 -1 -1 
571 38 499 167 26 22 -1 -1 -1 -1 
572 38 504 165 21 22 -1 -1 -1 -1 
573 38 506 162 21 22 -1 -1 -1 -1 
574 38 508 161 20 20 -1 -1 -1 -1 
575 38 510 160 20 20 -1 -1 -1 -1 
576 38 511 158 20 21 -1 -1 -1 -1 
577 38 513 158 19 18 -1 -1 -1 -1 
578 38 515 157 19 19 -1 -1 -1 -1 
579 38 516 157 19 17 -1 -1 -1 -1 
580 38 518 155 17 16 -1 -1 -1 -1 
581 38 518 155 17 16 -1 -1 -1 -1 
582 38 519 154 17 16 -1 -1 -1 -1 
583 38 521 153 15 16 -1 -1 -1 -1 
584 38 521 151 15 16 -1 -1 -1 -1 
585 38 522 150 15 16 -1 -1 -1 -1 
586 38 524 149 14 16 -1 -1 -1 -1 
587 38 525 149 15 15 -1 -1 -1 -1 
591 38 525 149 15 15 -1 -1 -1 -1 
592 38 586 168 14 13 -1 -1 -1 -1 
593 38 586 168 14 13 -1 -1 -1 -1 
595 46 587 168 15 16 -1 -1 -1 -1 
596 46 588 168 15 17 -1 -1 -1 -1 
598 46 589 173 17 16 -1 -1 -1 -1 
599 46 589 173 18 19 -1 -1 -1 -1 
600 46 590 174 19 19 -1 -1 -1 -1 
601 46 591 174 19 23 -1 -1 -1 -1 
602 46 591 177 20 21 -1 -1 -1 -1 
603 46 592 177 20 24 -1 -1 -1 -1 
604 46 594 179 20 24 -1 -1 -1 -1 
605 46 595 181 20 25 -1 -1 -1 -1 
606 46 595 181 20 25 -1 -1 -1 -1 
607 46 595 182 22 27 -1 -1 -1 -1 
608 38 574 147 13 12 -1 -1 -1 -1 
608 46 595 186 23 26 -1 -1 -1 -1 
609 38 574 147 13 12 -1 -1 -1 -1 
609 46 598 187 23 31 -1 -1 -1 -1 
610 46 599 190 24 31 -1 -1 -1 -1 
611 38 574 147 14 14 -1 -1 -1 -1 
612 38 574 147 14 14 -1 -1 -1 -1 
614 48 100 354 220 124 -1 -1 -1 -1 
614 49 604 203 30 35 -1 -1 -1 -1 
615 48 169 325 184 143 -1 -1 -1 -1 
616 48 223 302 156 119 -1 -1 -1 -1 
617 48 265 281 135 106 -1 -1 -1 -1 
618 48 299 264 118 95 -1 -1 -1 -1 
