83 1 0 258 204 185 -1 -1 -1 -1 
83 2 583 168 15 14 -1 -1 -1 -1 
84 1 0 258 204 185 -1 -1 -1 -1 
84 2 583 168 15 14 -1 -1 -1 -1 
85 1 16 245 219 169 -1 -1 -1 -1 
85 2 584 169 15 15 -1 -1 -1 -1 
86 1 69 229 193 160 -1 -1 -1 -1 
86 2 584 169 15 17 -1 -1 -1 -1 
87 1 113 222 175 143 -1 -1 -1 -1 
87 2 584 169 16 19 -1 -1 -1 -1 
88 1 151 214 159 131 -1 -1 -1 -1 
88 2 586 171 17 21 -1 -1 -1 -1 
89 1 184 205 141 124 -1 -1 -1 -1 
89 2 585 173 19 20 -1 -1 -1 -1 
90 1 213 199 131 114 -1 -1 -1 -1 
90 2 585 173 20 23 -1 -1 -1 -1 
91 1 239 193 116 107 -1 -1 -1 -1 
91 2 587 177 19 20 -1 -1 -1 -1 
92 1 239 193 116 107 -1 -1 -1 -1 
92 2 587 177 19 20 -1 -1 -1 -1 
93 1 261 188 108 100 -1 -1 -1 -1 
93 2 588 177 19 25 -1 -1 -1 -1 
94 1 281 187 97 90 -1 -1 -1 -1 
94 2 588 179 21 25 -1 -1 -1 -1 
95 1 316 180 80 83 -1 -1 -1 -1 
95 2 590 182 23 29 -1 -1 -1 -1 
96 1 331 175 71 77 -1 -1 -1 -1 
96 2 590 185 25 30 -1 -1 -1 -1 
97 1 343 174 70 72 -1 -1 -1 -1 
97 2 592 189 26 32 -1 -1 -1 -1 
98 1 354 172 66 69 -1 -1 -1 -1 
99 1 373 170 59 60 -1 -1 -1 -1 
100 1 373 170 59 60 -1 -1 -1 -1 
101 1 382 167 55 58 -1 -1 -1 -1 
102 1 388 166 55 56 -1 -1 -1 -1 
103 1 397 165 51 54 -1 -1 -1 -1 
106 1 411 158 45 54 -1 -1 -1 -1 
107 1 414 157 47 50 -1 -1 -1 -1 
108 1 414 157 47 50 -1 -1 -1 -1 
109 1 420 156 44 47 -1 -1 -1 -1 
109 5 609 239 30 66 -1 -1 -1 -1 
110 1 425 156 42 45 -1 -1 -1 -1 
110 5 612 249 27 75 -1 -1 -1 -1 
111 1 431 155 38 44 -1 -1 -1 -1 
112 1 436 155 35 42 -1 -1 -1 -1 
113 1 436 155 35 42 -1 -1 -1 -1 
114 1 441 154 33 42 -1 -1 -1 -1 
116 1 448 153 31 39 -1 -1 -1 -1 
117 1 448 153 31 39 -1 -1 -1 -1 
118 1 449 151 33 40 -1 -1 -1 -1 
119 1 452 150 31 37 -1 -1 -1 -1 
120 1 456 149 29 37 -1 -1 -1 -1 
121 1 459 149 29 37 -1 -1 -1 -1 
122 1 459 149 29 37 -1 -1 -1 -1 
123 1 462 148 27 35 -1 -1 -1 -1 
124 1 464 148 27 33 -1 -1 -1 -1 
125 1 467 148 24 32 -1 -1 -1 -1 
126 1 470 146 25 31 -1 -1 -1 -1 
127 1 472 145 26 32 -1 -1 -1 -1 
128 1 474 145 26 31 -1 -1 -1 -1 
129 1 474 145 26 31 -1 -1 -1 -1 
130 1 475 146 25 29 -1 -1 -1 -1 
131 1 476 145 24 28 -1 -1 -1 -1 
132 1 478 145 24 27 -1 -1 -1 -1 
133 1 481 144 21 27 -1 -1 -1 -1 
134 1 483 144 20 26 -1 -1 -1 -1 
135 1 484 141 23 28 -1 -1 -1 -1 
136 1 487 145 20 23 -1 -1 -1 -1 
137 1 487 145 20 23 -1 -1 -1 -1 
138 1 489 143 19 23 -1 -1 -1 -1 
143 1 494 142 18 21 -1 -1 -1 -1 
144 1 495 143 18 20 -1 -1 -1 -1 
147 1 498 146 16 16 -1 -1 -1 -1 
148 1 500 145 15 16 -1 -1 -1 -1 
149 1 501 145 16 16 -1 -1 -1 -1 
150 1 501 143 16 17 -1 -1 -1 -1 
151 1 501 143 16 17 -1 -1 -1 -1 
152 1 503 140 16 19 -1 -1 -1 -1 
211 1 503 140 16 19 -1 -1 -1 -1 
215 7 582 174 18 16 -1 -1 -1 -1 
216 7 582 175 19 16 -1 -1 -1 -1 
217 7 584 176 20 18 -1 -1 -1 -1 
218 7 584 176 20 18 -1 -1 -1 -1 
219 7 584 175 22 21 -1 -1 -1 -1 
220 7 584 178 22 20 -1 -1 -1 -1 
221 7 585 180 22 20 -1 -1 -1 -1 
222 7 586 181 22 22 -1 -1 -1 -1 
223 7 587 181 22 25 -1 -1 -1 -1 
224 7 587 181 22 25 -1 -1 -1 -1 
225 7 590 179 21 28 -1 -1 -1 -1 
225 8 588 180 21 28 -1 -1 -1 -1 
226 7 589 183 22 28 -1 -1 -1 -1 
227 7 589 186 25 28 -1 -1 -1 -1 
228 7 590 189 26 30 -1 -1 -1 -1 
229 7 592 191 26 32 -1 -1 -1 -1 
230 7 593 195 28 32 -1 -1 -1 -1 
231 7 595 197 28 35 -1 -1 -1 -1 
232 7 596 201 30 33 -1 -1 -1 -1 
233 7 596 201 30 33 -1 -1 -1 -1 
234 7 599 205 31 37 -1 -1 -1 -1 
235 7 600 209 32 33 -1 -1 -1 -1 
236 7 600 212 36 44 -1 -1 -1 -1 
236 9 601 168 18 23 -1 -1 -1 -1 
237 7 603 212 35 47 -1 -1 -1 -1 
237 9 603 168 17 25 -1 -1 -1 -1 
238 7 604 219 35 49 -1 -1 -1 -1 
238 9 603 167 18 27 -1 -1 -1 -1 
239 7 606 226 33 52 -1 -1 -1 -1 
239 9 603 167 19 30 -1 -1 -1 -1 
240 7 610 230 29 59 -1 -1 -1 -1 
240 9 605 168 18 30 -1 -1 -1 -1 
241 7 610 230 29 59 -1 -1 -1 -1 
242 9 606 172 19 28 -1 -1 -1 -1 
244 9 606 172 19 28 -1 -1 -1 -1 
247 9 608 175 22 31 -1 -1 -1 -1 
248 9 609 176 23 32 -1 -1 -1 -1 
249 9 609 177 25 33 -1 -1 -1 -1 
250 9 611 176 25 35 -1 -1 -1 -1 
251 9 613 177 24 36 -1 -1 -1 -1 
252 9 613 178 26 39 -1 -1 -1 -1 
253 9 614 179 25 40 -1 -1 -1 -1 
254 9 614 179 25 40 -1 -1 -1 -1 
255 9 616 181 23 39 -1 -1 -1 -1 
257 9 618 184 21 41 -1 -1 -1 -1 
266 9 618 184 21 41 -1 -1 -1 -1 
268 14 0 332 117 134 -1 -1 -1 -1 
269 14 1 316 150 151 -1 -1 -1 -1 
270 14 1 316 150 151 -1 -1 -1 -1 
271 14 0 300 179 141 -1 -1 -1 -1 
272 14 13 291 193 127 -1 -1 -1 -1 
273 14 50 279 181 120 -1 -1 -1 -1 
274 14 82 270 171 109 -1 -1 -1 -1 
275 14 114 260 160 100 -1 -1 -1 -1 
276 14 142 252 149 94 -1 -1 -1 -1 
277 14 170 245 136 90 -1 -1 -1 -1 
278 14 192 233 128 87 -1 -1 -1 -1 
279 14 214 229 120 82 -1 -1 -1 -1 
280 14 234 223 111 77 -1 -1 -1 -1 
281 14 251 218 105 74 -1 -1 -1 -1 
281 15 582 162 14 15 -1 -1 -1 -1 
282 14 268 212 97 68 -1 -1 -1 -1 
282 15 581 163 15 15 -1 -1 -1 -1 
283 14 268 212 97 68 -1 -1 -1 -1 
283 15 581 163 15 15 -1 -1 -1 -1 
284 14 282 211 92 62 -1 -1 -1 -1 
284 15 581 164 16 16 -1 -1 -1 -1 
285 14 296 206 85 60 -1 -1 -1 -1 
285 15 582 166 15 14 -1 -1 -1 -1 
286 14 309 201 81 59 -1 -1 -1 -1 
286 15 582 167 15 14 -1 -1 -1 -1 
287 14 320 198 77 59 -1 -1 -1 -1 
287 15 582 169 15 13 -1 -1 -1 -1 
288 14 330 196 72 55 -1 -1 -1 -1 
288 15 582 169 16 14 -1 -1 -1 -1 
289 14 340 193 69 53 -1 -1 -1 -1 
289 15 582 170 16 15 -1 -1 -1 -1 
290 14 348 192 66 49 -1 -1 -1 -1 
290 15 584 171 15 15 -1 -1 -1 -1 
291 14 356 190 65 46 -1 -1 -1 -1 
291 15 583 171 16 16 -1 -1 -1 -1 
292 14 365 187 60 46 -1 -1 -1 -1 
292 15 584 172 17 16 -1 -1 -1 -1 
293 14 372 185 57 44 -1 -1 -1 -1 
293 15 585 172 17 19 -1 -1 -1 -1 
294 14 379 183 54 42 -1 -1 -1 -1 
294 15 585 173 17 20 -1 -1 -1 -1 
295 14 385 182 52 40 -1 -1 -1 -1 
295 15 586 175 18 19 -1 -1 -1 -1 
296 14 390 179 51 39 -1 -1 -1 -1 
296 15 586 175 19 20 -1 -1 -1 -1 
297 14 396 177 48 38 -1 -1 -1 -1 
297 15 586 178 19 18 -1 -1 -1 -1 
298 14 400 176 47 36 -1 -1 -1 -1 
298 15 587 179 20 20 -1 -1 -1 -1 
299 14 406 175 44 35 -1 -1 -1 -1 
299 15 586 181 22 21 -1 -1 -1 -1 
300 14 410 173 43 34 -1 -1 -1 -1 
300 15 587 181 21 23 -1 -1 -1 -1 
301 14 415 172 41 32 -1 -1 -1 -1 
301 15 588 183 20 22 -1 -1 -1 -1 
302 14 419 171 41 32 -1 -1 -1 -1 
302 15 590 183 20 24 -1 -1 -1 -1 
303 14 422 170 41 32 -1 -1 -1 -1 
303 15 590 187 21 23 -1 -1 -1 -1 
304 14 428 170 36 28 -1 -1 -1 -1 
304 15 591 188 21 24 -1 -1 -1 -1 
305 14 430 169 36 28 -1 -1 -1 -1 
305 15 590 190 24 26 -1 -1 -1 -1 
306 14 433 168 35 26 -1 -1 -1 -1 
306 15 591 192 26 28 -1 -1 -1 -1 
307 14 437 167 33 26 -1 -1 -1 -1 
307 15 592 195 26 28 -1 -1 -1 -1 
308 14 440 165 32 27 -1 -1 -1 -1 
308 15 592 196 28 30 -1 -1 -1 -1 
309 14 443 164 31 26 -1 -1 -1 -1 
309 15 593 199 29 31 -1 -1 -1 -1 
310 14 445 164 31 25 -1 -1 -1 -1 
310 15 596 201 28 32 -1 -1 -1 -1 
311 14 448 163 30 23 -1 -1 -1 -1 
311 15 596 204 30 35 -1 -1 -1 -1 
311 16 180 331 188 148 -1 -1 -1 -1 
312 14 450 162 29 23 -1 -1 -1 -1 
312 15 597 208 32 35 -1 -1 -1 -1 
312 16 236 303 158 145 -1 -1 -1 -1 
313 14 453 161 29 24 -1 -1 -1 -1 
313 15 598 212 32 36 -1 -1 -1 -1 
313 16 281 274 137 132 -1 -1 -1 -1 
314 14 455 159 30 24 -1 -1 -1 -1 
314 15 598 212 32 36 -1 -1 -1 -1 
315 14 459 159 27 23 -1 -1 -1 -1 
315 16 370 235 90 94 -1 -1 -1 -1 
316 14 459 159 27 23 -1 -1 -1 -1 
316 16 370 235 90 94 -1 -1 -1 -1 
317 14 461 158 26 22 -1 -1 -1 -1 
317 16 389 226 81 85 -1 -1 -1 -1 
318 14 462 157 27 23 -1 -1 -1 -1 
318 16 404 217 73 75 -1 -1 -1 -1 
319 14 464 157 27 22 -1 -1 -1 -1 
319 16 418 212 66 68 -1 -1 -1 -1 
320 14 464 157 27 22 -1 -1 -1 -1 
320 16 418 212 66 68 -1 -1 -1 -1 
321 14 465 156 26 22 -1 -1 -1 -1 
321 16 429 205 62 63 -1 -1 -1 -1 
322 14 465 156 26 22 -1 -1 -1 -1 
322 16 429 205 62 63 -1 -1 -1 -1 
323 14 466 155 26 21 -1 -1 -1 -1 
323 16 438 201 56 57 -1 -1 -1 -1 
324 14 470 154 23 20 -1 -1 -1 -1 
324 16 447 196 50 55 -1 -1 -1 -1 
325 14 471 154 23 20 -1 -1 -1 -1 
325 16 456 192 45 51 -1 -1 -1 -1 
326 14 471 154 23 20 -1 -1 -1 -1 
326 16 456 192 45 51 -1 -1 -1 -1 
327 14 472 153 23 21 -1 -1 -1 -1 
327 16 461 188 42 47 -1 -1 -1 -1 
328 14 474 153 24 19 -1 -1 -1 -1 
328 16 467 185 38 44 -1 -1 -1 -1 
329 14 476 152 23 20 -1 -1 -1 -1 
329 16 470 183 40 42 -1 -1 -1 -1 
330 14 476 152 23 20 -1 -1 -1 -1 
330 16 470 183 40 42 -1 -1 -1 -1 
331 14 478 152 21 19 -1 -1 -1 -1 
331 16 477 182 34 36 -1 -1 -1 -1 
332 14 477 152 23 19 -1 -1 -1 -1 
332 16 482 179 33 36 -1 -1 -1 -1 
333 14 477 152 23 19 -1 -1 -1 -1 
333 16 482 179 33 36 -1 -1 -1 -1 
334 14 479 152 22 19 -1 -1 -1 -1 
334 16 486 174 30 35 -1 -1 -1 -1 
335 14 481 152 21 17 -1 -1 -1 -1 
335 16 489 173 28 33 -1 -1 -1 -1 
336 14 481 152 21 17 -1 -1 -1 -1 
336 16 489 173 28 33 -1 -1 -1 -1 
337 14 483 151 20 17 -1 -1 -1 -1 
337 16 492 171 28 30 -1 -1 -1 -1 
338 14 484 150 19 17 -1 -1 -1 -1 
338 16 496 169 26 30 -1 -1 -1 -1 
339 14 484 150 19 17 -1 -1 -1 -1 
339 16 496 169 26 30 -1 -1 -1 -1 
339 21 593 157 12 12 -1 -1 -1 -1 
340 14 485 150 18 17 -1 -1 -1 -1 
340 16 498 168 25 28 -1 -1 -1 -1 
340 21 593 157 12 13 -1 -1 -1 -1 
341 14 485 150 19 17 -1 -1 -1 -1 
341 16 500 167 24 26 -1 -1 -1 -1 
341 21 593 157 13 13 -1 -1 -1 -1 
342 14 487 150 18 16 -1 -1 -1 -1 
342 16 503 165 22 26 -1 -1 -1 -1 
342 21 594 158 12 13 -1 -1 -1 -1 
343 14 487 150 18 16 -1 -1 -1 -1 
343 16 503 165 22 26 -1 -1 -1 -1 
343 21 594 158 12 13 -1 -1 -1 -1 
344 14 488 149 18 17 -1 -1 -1 -1 
344 16 505 164 22 24 -1 -1 -1 -1 
345 14 489 149 18 16 -1 -1 -1 -1 
345 16 508 162 21 24 -1 -1 -1 -1 
345 21 594 158 13 15 -1 -1 -1 -1 
346 14 490 148 18 16 -1 -1 -1 -1 
346 16 510 161 20 22 -1 -1 -1 -1 
346 21 596 160 11 13 -1 -1 -1 -1 
347 14 491 147 17 16 -1 -1 -1 -1 
347 16 511 160 20 21 -1 -1 -1 -1 
347 21 595 160 13 14 -1 -1 -1 -1 
348 14 491 147 17 16 -1 -1 -1 -1 
348 16 511 160 20 21 -1 -1 -1 -1 
348 21 595 160 13 14 -1 -1 -1 -1 
349 14 492 147 17 16 -1 -1 -1 -1 
349 16 512 159 21 22 -1 -1 -1 -1 
349 21 596 162 13 13 -1 -1 -1 -1 
350 14 492 147 17 16 -1 -1 -1 -1 
350 16 512 159 21 22 -1 -1 -1 -1 
350 21 596 162 13 13 -1 -1 -1 -1 
351 14 494 147 16 15 -1 -1 -1 -1 
351 16 514 157 21 22 -1 -1 -1 -1 
352 14 494 146 17 16 -1 -1 -1 -1 
352 16 516 157 19 21 -1 -1 -1 -1 
352 21 597 165 13 14 -1 -1 -1 -1 
353 14 494 146 17 16 -1 -1 -1 -1 
353 16 516 157 19 21 -1 -1 -1 -1 
353 21 597 165 13 14 -1 -1 -1 -1 
354 14 495 146 17 15 -1 -1 -1 -1 
354 16 518 155 18 20 -1 -1 -1 -1 
354 21 597 165 13 14 -1 -1 -1 -1 
355 14 495 146 18 14 -1 -1 -1 -1 
355 16 519 154 17 19 -1 -1 -1 -1 
355 21 597 167 13 14 -1 -1 -1 -1 
356 14 495 146 18 14 -1 -1 -1 -1 
356 16 519 154 17 19 -1 -1 -1 -1 
356 21 597 167 13 14 -1 -1 -1 -1 
357 14 496 145 17 15 -1 -1 -1 -1 
357 16 521 153 16 19 -1 -1 -1 -1 
357 21 597 168 13 14 -1 -1 -1 -1 
358 14 497 145 17 14 -1 -1 -1 -1 
358 16 522 151 17 19 -1 -1 -1 -1 
358 21 597 168 14 14 -1 -1 -1 -1 
359 14 497 145 17 14 -1 -1 -1 -1 
359 16 522 151 17 19 -1 -1 -1 -1 
359 21 597 168 14 14 -1 -1 -1 -1 
360 14 498 145 16 14 -1 -1 -1 -1 
360 16 522 150 16 19 -1 -1 -1 -1 
360 21 597 169 14 14 -1 -1 -1 -1 
361 14 499 145 15 14 -1 -1 -1 -1 
361 16 524 149 15 19 -1 -1 -1 -1 
361 21 597 169 15 15 -1 -1 -1 -1 
362 14 499 145 15 14 -1 -1 -1 -1 
362 16 524 149 15 19 -1 -1 -1 -1 
362 21 597 169 15 15 -1 -1 -1 -1 
363 14 500 145 15 14 -1 -1 -1 -1 
363 16 525 149 13 18 -1 -1 -1 -1 
363 21 598 170 15 14 -1 -1 -1 -1 
364 14 501 145 15 13 -1 -1 -1 -1 
364 16 525 149 13 18 -1 -1 -1 -1 
365 14 502 144 15 14 -1 -1 -1 -1 
365 21 600 172 15 13 -1 -1 -1 -1 
366 14 502 144 15 14 -1 -1 -1 -1 
366 21 600 172 15 13 -1 -1 -1 -1 
367 14 502 143 15 15 -1 -1 -1 -1 
367 21 600 174 16 13 -1 -1 -1 -1 
368 14 502 143 15 15 -1 -1 -1 -1 
368 21 600 174 16 13 -1 -1 -1 -1 
369 14 503 143 14 14 -1 -1 -1 -1 
369 16 529 146 16 16 -1 -1 -1 -1 
369 21 600 175 17 14 -1 -1 -1 -1 
370 14 504 144 14 13 -1 -1 -1 -1 
370 16 530 146 15 15 -1 -1 -1 -1 
370 21 601 176 16 14 -1 -1 -1 -1 
371 14 504 144 14 13 -1 -1 -1 -1 
371 16 530 146 15 15 -1 -1 -1 -1 
371 21 601 176 16 14 -1 -1 -1 -1 
372 14 505 143 14 14 -1 -1 -1 -1 
372 16 531 146 13 14 -1 -1 -1 -1 
372 21 603 177 16 14 -1 -1 -1 -1 
373 14 506 142 13 13 -1 -1 -1 -1 
373 16 532 146 12 13 -1 -1 -1 -1 
373 21 604 178 16 15 -1 -1 -1 -1 
374 14 506 142 13 13 -1 -1 -1 -1 
374 16 532 146 12 13 -1 -1 -1 -1 
374 21 604 178 16 15 -1 -1 -1 -1 
375 14 506 142 14 13 -1 -1 -1 -1 
375 16 532 146 13 12 -1 -1 -1 -1 
375 21 606 179 15 15 -1 -1 -1 -1 
376 14 506 141 15 13 -1 -1 -1 -1 
376 16 533 146 12 11 -1 -1 -1 -1 
376 21 606 178 15 18 -1 -1 -1 -1 
377 14 506 141 15 13 -1 -1 -1 -1 
377 16 533 146 12 11 -1 -1 -1 -1 
377 21 606 178 15 18 -1 -1 -1 -1 
378 14 507 141 14 13 -1 -1 -1 -1 
378 16 533 146 13 11 -1 -1 -1 -1 
378 21 606 177 16 21 -1 -1 -1 -1 
379 14 507 141 15 13 -1 -1 -1 -1 
379 16 534 145 13 11 -1 -1 -1 -1 
379 21 607 179 16 20 -1 -1 -1 -1 
380 14 507 141 15 13 -1 -1 -1 -1 
380 16 534 145 13 11 -1 -1 -1 -1 
380 21 607 179 16 20 -1 -1 -1 -1 
381 14 507 141 15 13 -1 -1 -1 -1 
381 16 534 145 13 11 -1 -1 -1 -1 
382 14 508 142 14 11 -1 -1 -1 -1 
382 21 608 184 18 18 -1 -1 -1 -1 
383 14 508 142 14 11 -1 -1 -1 -1 
383 21 608 184 18 18 -1 -1 -1 -1 
384 14 508 142 14 11 -1 -1 -1 -1 
384 21 608 185 19 18 -1 -1 -1 -1 
385 14 509 142 13 11 -1 -1 -1 -1 
385 21 610 186 18 19 -1 -1 -1 -1 
386 14 509 142 13 11 -1 -1 -1 -1 
386 21 610 186 18 19 -1 -1 -1 -1 
387 14 509 142 14 11 -1 -1 -1 -1 
387 21 611 188 20 19 -1 -1 -1 -1 
388 14 510 141 14 11 -1 -1 -1 -1 
388 21 611 188 22 21 -1 -1 -1 -1 
389 14 510 141 14 11 -1 -1 -1 -1 
389 21 611 188 22 21 -1 -1 -1 -1 
390 14 511 140 14 11 -1 -1 -1 -1 
390 21 613 188 21 23 -1 -1 -1 -1 
391 14 512 139 14 12 -1 -1 -1 -1 
391 21 615 189 22 24 -1 -1 -1 -1 
392 14 512 139 14 12 -1 -1 -1 -1 
392 21 615 189 22 24 -1 -1 -1 -1 
393 14 512 139 14 11 -1 -1 -1 -1 
393 21 616 190 22 26 -1 -1 -1 -1 
394 14 513 139 13 11 -1 -1 -1 -1 
394 21 617 192 22 27 -1 -1 -1 -1 
395 14 513 139 13 11 -1 -1 -1 -1 
395 21 617 192 22 27 -1 -1 -1 -1 
396 14 513 139 13 11 -1 -1 -1 -1 
396 21 617 194 22 27 -1 -1 -1 -1 
397 14 513 139 13 11 -1 -1 -1 -1 
397 21 617 194 22 27 -1 -1 -1 -1 
398 14 513 139 13 11 -1 -1 -1 -1 
399 21 619 196 20 30 -1 -1 -1 -1 
400 21 619 196 20 30 -1 -1 -1 -1 
401 21 620 199 19 30 -1 -1 -1 -1 
402 21 622 200 17 31 -1 -1 -1 -1 
403 14 577 149 11 13 -1 -1 -1 -1 
403 21 624 204 15 29 -1 -1 -1 -1 
404 14 577 149 11 13 -1 -1 -1 -1 
404 21 624 204 15 29 -1 -1 -1 -1 
405 14 577 149 11 13 -1 -1 -1 -1 
405 21 626 207 13 28 -1 -1 -1 -1 
406 14 577 150 11 13 -1 -1 -1 -1 
407 14 577 150 11 13 -1 -1 -1 -1 
416 14 577 154 12 15 -1 -1 -1 -1 
417 14 578 154 12 16 -1 -1 -1 -1 
418 14 578 154 12 16 -1 -1 -1 -1 
419 14 578 155 11 16 -1 -1 -1 -1 
420 14 578 156 12 16 -1 -1 -1 -1 
421 14 578 156 12 16 -1 -1 -1 -1 
422 14 578 157 12 16 -1 -1 -1 -1 
423 14 578 157 12 16 -1 -1 -1 -1 
424 14 578 157 13 17 -1 -1 -1 -1 
425 14 578 158 14 18 -1 -1 -1 -1 
426 14 578 158 14 18 -1 -1 -1 -1 
427 14 578 160 14 17 -1 -1 -1 -1 
428 14 578 161 15 17 -1 -1 -1 -1 
429 14 578 161 15 17 -1 -1 -1 -1 
430 14 578 163 15 17 -1 -1 -1 -1 
431 14 578 166 16 15 -1 -1 -1 -1 
432 14 578 167 17 15 -1 -1 -1 -1 
433 14 578 167 17 15 -1 -1 -1 -1 
434 14 579 167 17 17 -1 -1 -1 -1 
435 14 578 169 18 16 -1 -1 -1 -1 
436 14 578 169 18 16 -1 -1 -1 -1 
437 14 579 170 17 17 -1 -1 -1 -1 
438 14 580 170 18 18 -1 -1 -1 -1 
439 14 580 170 18 18 -1 -1 -1 -1 
440 14 581 171 17 19 -1 -1 -1 -1 
441 14 581 172 18 20 -1 -1 -1 -1 
442 14 581 172 18 20 -1 -1 -1 -1 
443 14 582 173 18 21 -1 -1 -1 -1 
444 14 581 174 19 23 -1 -1 -1 -1 
445 14 583 176 18 22 -1 -1 -1 -1 
446 14 583 176 18 22 -1 -1 -1 -1 
447 14 583 176 19 24 -1 -1 -1 -1 
448 14 584 176 20 27 -1 -1 -1 -1 
449 14 584 176 20 27 -1 -1 -1 -1 
450 14 584 179 21 26 -1 -1 -1 -1 
451 14 583 180 23 29 -1 -1 -1 -1 
452 14 583 180 23 29 -1 -1 -1 -1 
453 14 584 182 24 30 -1 -1 -1 -1 
454 14 584 185 25 30 -1 -1 -1 -1 
455 14 584 185 25 30 -1 -1 -1 -1 
456 14 586 188 23 31 -1 -1 -1 -1 
457 14 587 191 24 31 -1 -1 -1 -1 
458 14 587 191 24 31 -1 -1 -1 -1 
459 14 587 193 25 33 -1 -1 -1 -1 
460 14 589 195 25 37 -1 -1 -1 -1 
461 14 589 195 25 37 -1 -1 -1 -1 
462 14 589 197 28 38 -1 -1 -1 -1 
463 14 589 201 32 40 -1 -1 -1 -1 
464 14 589 201 32 40 -1 -1 -1 -1 
466 14 591 208 34 46 -1 -1 -1 -1 
467 14 591 208 34 46 -1 -1 -1 -1 
468 14 592 212 34 47 -1 -1 -1 -1 
469 14 592 212 34 47 -1 -1 -1 -1 
470 14 593 216 37 51 -1 -1 -1 -1 
471 14 593 218 39 59 -1 -1 -1 -1 
472 14 595 226 41 62 -1 -1 -1 -1 
473 14 595 226 41 62 -1 -1 -1 -1 
474 14 596 231 43 68 -1 -1 -1 -1 
477 14 599 249 40 74 -1 -1 -1 -1 
478 14 602 255 37 84 -1 -1 -1 -1 
479 14 602 255 37 84 -1 -1 -1 -1 
480 14 603 266 36 95 -1 -1 -1 -1 
481 14 607 279 32 103 -1 -1 -1 -1 
482 14 607 279 32 103 -1 -1 -1 -1 
551 14 607 279 32 103 -1 -1 -1 -1 
553 24 0 224 44 46 -1 -1 -1 -1 
554 24 0 218 56 53 -1 -1 -1 -1 
555 24 0 214 70 57 -1 -1 -1 -1 
556 24 0 214 70 57 -1 -1 -1 -1 
557 24 0 212 82 59 -1 -1 -1 -1 
558 24 0 209 93 55 -1 -1 -1 -1 
559 24 1 203 106 56 -1 -1 -1 -1 
560 24 16 202 101 52 -1 -1 -1 -1 
561 24 16 202 101 52 -1 -1 -1 -1 
562 24 28 199 100 52 -1 -1 -1 -1 
563 24 43 196 95 51 -1 -1 -1 -1 
564 24 54 193 92 50 -1 -1 -1 -1 
565 24 54 193 92 50 -1 -1 -1 -1 
565 26 91 393 235 84 -1 -1 -1 -1 
566 24 67 190 90 50 -1 -1 -1 -1 
566 26 157 361 199 117 -1 -1 -1 -1 
567 24 77 189 88 46 -1 -1 -1 -1 
567 26 211 334 170 138 -1 -1 -1 -1 
568 24 89 187 86 46 -1 -1 -1 -1 
568 26 255 310 146 121 -1 -1 -1 -1 
569 24 89 187 86 46 -1 -1 -1 -1 
569 26 255 310 146 121 -1 -1 -1 -1 
570 24 100 184 85 44 -1 -1 -1 -1 
570 26 290 294 129 107 -1 -1 -1 -1 
570 27 592 157 14 14 -1 -1 -1 -1 
571 24 109 182 82 43 -1 -1 -1 -1 
571 26 318 272 114 99 -1 -1 -1 -1 
571 27 594 157 13 15 -1 -1 -1 -1 
572 24 119 181 81 43 -1 -1 -1 -1 
572 26 342 261 102 89 -1 -1 -1 -1 
572 27 594 158 14 15 -1 -1 -1 -1 
573 24 125 178 81 44 -1 -1 -1 -1 
573 26 363 253 93 81 -1 -1 -1 -1 
574 24 125 178 81 44 -1 -1 -1 -1 
574 26 363 253 93 81 -1 -1 -1 -1 
575 24 138 178 76 41 -1 -1 -1 -1 
575 26 380 242 83 76 -1 -1 -1 -1 
576 24 147 176 75 41 -1 -1 -1 -1 
576 26 395 233 76 72 -1 -1 -1 -1 
576 27 596 159 14 19 -1 -1 -1 -1 
577 24 154 174 71 40 -1 -1 -1 -1 
577 26 406 225 71 66 -1 -1 -1 -1 
577 27 596 160 14 20 -1 -1 -1 -1 
578 24 154 174 71 40 -1 -1 -1 -1 
578 26 406 225 71 66 -1 -1 -1 -1 
578 27 596 160 14 20 -1 -1 -1 -1 
579 24 164 173 64 39 -1 -1 -1 -1 
579 26 418 219 64 62 -1 -1 -1 -1 
579 27 596 163 14 18 -1 -1 -1 -1 
580 24 170 171 60 39 -1 -1 -1 -1 
580 26 429 211 58 59 -1 -1 -1 -1 
580 27 597 165 14 16 -1 -1 -1 -1 
581 24 177 170 61 38 -1 -1 -1 -1 
581 26 435 208 56 52 -1 -1 -1 -1 
581 27 597 166 15 16 -1 -1 -1 -1 
582 24 177 170 61 38 -1 -1 -1 -1 
582 26 435 208 56 52 -1 -1 -1 -1 
582 27 597 166 15 16 -1 -1 -1 -1 
583 24 187 169 52 37 -1 -1 -1 -1 
583 26 435 208 56 52 -1 -1 -1 -1 
583 27 597 167 15 16 -1 -1 -1 -1 
584 24 194 169 45 34 -1 -1 -1 -1 
584 27 598 169 16 14 -1 -1 -1 -1 
584 28 450 203 47 44 -1 -1 -1 -1 
585 24 194 169 45 34 -1 -1 -1 -1 
585 27 598 169 16 14 -1 -1 -1 -1 
585 28 450 203 47 44 -1 -1 -1 -1 
586 24 199 169 38 31 -1 -1 -1 -1 
586 27 599 170 15 15 -1 -1 -1 -1 
586 28 456 197 44 44 -1 -1 -1 -1 
587 24 199 169 38 31 -1 -1 -1 -1 
587 27 600 172 15 14 -1 -1 -1 -1 
587 28 461 194 42 40 -1 -1 -1 -1 
588 27 600 172 15 14 -1 -1 -1 -1 
588 28 461 194 42 40 -1 -1 -1 -1 
588 29 461 195 42 39 -1 -1 -1 -1 
589 27 600 173 17 15 -1 -1 -1 -1 
589 28 466 191 40 39 -1 -1 -1 -1 
590 27 603 175 16 16 -1 -1 -1 -1 
590 28 471 187 37 38 -1 -1 -1 -1 
591 27 603 175 16 16 -1 -1 -1 -1 
591 28 471 187 37 38 -1 -1 -1 -1 
592 27 604 174 16 18 -1 -1 -1 -1 
592 28 472 186 38 34 -1 -1 -1 -1 
593 27 605 175 16 18 -1 -1 -1 -1 
593 28 477 184 35 31 -1 -1 -1 -1 
594 27 605 175 16 18 -1 -1 -1 -1 
594 28 477 184 35 31 -1 -1 -1 -1 
595 27 606 176 16 19 -1 -1 -1 -1 
595 28 481 180 32 33 -1 -1 -1 -1 
596 27 607 176 16 20 -1 -1 -1 -1 
596 28 484 178 31 31 -1 -1 -1 -1 
597 27 607 178 18 21 -1 -1 -1 -1 
597 28 487 177 28 29 -1 -1 -1 -1 
598 27 608 180 18 22 -1 -1 -1 -1 
598 28 490 175 26 26 -1 -1 -1 -1 
599 27 608 180 18 22 -1 -1 -1 -1 
599 28 490 175 26 26 -1 -1 -1 -1 
600 27 608 183 20 20 -1 -1 -1 -1 
600 28 493 173 26 25 -1 -1 -1 -1 
600 31 260 159 43 29 -1 -1 -1 -1 
601 27 610 184 20 22 -1 -1 -1 -1 
601 28 494 171 26 25 -1 -1 -1 -1 
601 31 261 159 43 28 -1 -1 -1 -1 
602 27 612 185 20 23 -1 -1 -1 -1 
602 28 497 170 23 23 -1 -1 -1 -1 
602 31 264 157 42 29 -1 -1 -1 -1 
603 27 612 185 20 23 -1 -1 -1 -1 
603 28 497 170 23 23 -1 -1 -1 -1 
603 31 264 157 42 29 -1 -1 -1 -1 
604 27 614 187 21 24 -1 -1 -1 -1 
604 28 498 168 23 24 -1 -1 -1 -1 
604 31 268 157 42 28 -1 -1 -1 -1 
605 27 616 188 22 26 -1 -1 -1 -1 
605 28 499 167 23 23 -1 -1 -1 -1 
605 31 274 157 33 27 -1 -1 -1 -1 
606 27 617 190 22 28 -1 -1 -1 -1 
606 28 501 165 23 22 -1 -1 -1 -1 
606 31 278 156 30 25 -1 -1 -1 -1 
607 27 617 190 22 28 -1 -1 -1 -1 
607 28 501 165 23 22 -1 -1 -1 -1 
607 31 278 156 30 25 -1 -1 -1 -1 
608 27 618 192 21 28 -1 -1 -1 -1 
608 28 503 164 21 21 -1 -1 -1 -1 
608 31 282 155 38 24 -1 -1 -1 -1 
609 27 621 194 18 30 -1 -1 -1 -1 
609 28 505 163 21 21 -1 -1 -1 -1 
609 31 282 155 38 24 -1 -1 -1 -1 
610 27 621 194 18 30 -1 -1 -1 -1 
610 28 505 163 21 21 -1 -1 -1 -1 
610 33 579 156 10 14 -1 -1 -1 -1 
611 27 622 195 17 32 -1 -1 -1 -1 
611 28 507 162 19 19 -1 -1 -1 -1 
611 33 579 157 10 14 -1 -1 -1 -1 
612 27 625 199 14 31 -1 -1 -1 -1 
612 28 508 160 19 20 -1 -1 -1 -1 
612 33 579 157 11 15 -1 -1 -1 -1 
613 27 626 197 13 37 -1 -1 -1 -1 
613 28 509 160 19 19 -1 -1 -1 -1 
613 33 579 159 11 14 -1 -1 -1 -1 
614 27 626 197 13 37 -1 -1 -1 -1 
614 28 509 160 19 19 -1 -1 -1 -1 
614 33 579 159 11 14 -1 -1 -1 -1 
615 27 626 197 13 37 -1 -1 -1 -1 
615 28 510 159 19 19 -1 -1 -1 -1 
616 28 512 157 18 19 -1 -1 -1 -1 
616 33 579 162 13 14 -1 -1 -1 -1 
617 28 512 157 18 19 -1 -1 -1 -1 
617 33 579 162 13 14 -1 -1 -1 -1 
618 28 512 157 18 18 -1 -1 -1 -1 
618 33 578 162 15 16 -1 -1 -1 -1 
619 28 513 155 18 19 -1 -1 -1 -1 
619 33 579 164 15 16 -1 -1 -1 -1 
620 28 513 155 18 19 -1 -1 -1 -1 
620 33 579 164 15 16 -1 -1 -1 -1 
620 34 189 367 170 110 -1 -1 -1 -1 
621 28 514 154 18 19 -1 -1 -1 -1 
621 33 578 165 17 16 -1 -1 -1 -1 
621 34 237 338 148 123 -1 -1 -1 -1 
622 28 515 154 17 18 -1 -1 -1 -1 
622 33 578 165 18 16 -1 -1 -1 -1 
622 34 275 314 131 107 -1 -1 -1 -1 
623 28 517 153 15 18 -1 -1 -1 -1 
623 33 579 166 17 18 -1 -1 -1 -1 
623 34 309 295 114 95 -1 -1 -1 -1 
624 28 517 153 15 18 -1 -1 -1 -1 
624 33 579 166 17 18 -1 -1 -1 -1 
624 34 309 295 114 95 -1 -1 -1 -1 
625 28 517 152 15 18 -1 -1 -1 -1 
625 33 579 169 18 17 -1 -1 -1 -1 
625 34 336 277 102 87 -1 -1 -1 -1 
626 28 517 152 16 16 -1 -1 -1 -1 
626 33 580 169 18 18 -1 -1 -1 -1 
626 34 358 264 90 76 -1 -1 -1 -1 
627 28 517 152 16 16 -1 -1 -1 -1 
627 33 580 169 18 18 -1 -1 -1 -1 
627 34 358 264 90 76 -1 -1 -1 -1 
628 28 518 151 15 16 -1 -1 -1 -1 
628 33 580 170 18 19 -1 -1 -1 -1 
628 34 376 253 82 69 -1 -1 -1 -1 
629 28 518 151 16 16 -1 -1 -1 -1 
629 33 581 171 17 20 -1 -1 -1 -1 
629 34 392 244 75 62 -1 -1 -1 -1 
630 28 520 150 15 16 -1 -1 -1 -1 
630 33 582 173 17 19 -1 -1 -1 -1 
630 34 404 235 69 58 -1 -1 -1 -1 
631 28 520 150 15 16 -1 -1 -1 -1 
631 33 582 173 17 19 -1 -1 -1 -1 
631 34 404 235 69 58 -1 -1 -1 -1 
631 35 1 363 122 116 -1 -1 -1 -1 
632 28 521 151 15 14 -1 -1 -1 -1 
632 33 582 174 18 20 -1 -1 -1 -1 
632 34 417 226 62 54 -1 -1 -1 -1 
632 35 0 341 165 130 -1 -1 -1 -1 
633 28 521 150 16 14 -1 -1 -1 -1 
633 33 582 175 18 22 -1 -1 -1 -1 
633 34 427 216 59 56 -1 -1 -1 -1 
633 35 32 320 169 119 -1 -1 -1 -1 
634 28 521 150 16 14 -1 -1 -1 -1 
634 33 583 177 19 22 -1 -1 -1 -1 
634 34 434 211 53 50 -1 -1 -1 -1 
635 28 523 147 14 14 -1 -1 -1 -1 
635 33 584 177 20 25 -1 -1 -1 -1 
635 34 441 210 50 43 -1 -1 -1 -1 
635 35 116 288 146 101 -1 -1 -1 -1 
636 28 523 147 14 14 -1 -1 -1 -1 
636 33 584 177 20 25 -1 -1 -1 -1 
636 34 441 210 50 43 -1 -1 -1 -1 
636 35 116 288 146 101 -1 -1 -1 -1 
637 28 523 147 14 13 -1 -1 -1 -1 
637 33 584 180 21 23 -1 -1 -1 -1 
637 34 450 205 44 41 -1 -1 -1 -1 
637 35 154 274 132 92 -1 -1 -1 -1 
638 28 523 147 14 13 -1 -1 -1 -1 
638 33 585 182 21 26 -1 -1 -1 -1 
638 34 456 202 42 37 -1 -1 -1 -1 
638 35 186 262 121 83 -1 -1 -1 -1 
639 33 584 184 23 27 -1 -1 -1 -1 
639 34 460 197 40 36 -1 -1 -1 -1 
639 35 215 251 111 75 -1 -1 -1 -1 
640 33 584 184 23 27 -1 -1 -1 -1 
640 34 460 197 40 36 -1 -1 -1 -1 
640 35 215 251 111 75 -1 -1 -1 -1 
641 28 526 145 12 13 -1 -1 -1 -1 
641 33 585 186 23 28 -1 -1 -1 -1 
641 34 465 194 38 34 -1 -1 -1 -1 
641 35 241 242 100 70 -1 -1 -1 -1 
642 28 526 145 12 13 -1 -1 -1 -1 
642 33 585 186 23 28 -1 -1 -1 -1 
642 34 465 194 38 34 -1 -1 -1 -1 
642 35 241 242 100 70 -1 -1 -1 -1 
643 28 578 152 13 13 -1 -1 -1 -1 
643 33 586 189 23 29 -1 -1 -1 -1 
643 34 471 189 35 35 -1 -1 -1 -1 
643 35 265 233 91 65 -1 -1 -1 -1 
644 28 579 153 12 13 -1 -1 -1 -1 
644 33 587 190 24 31 -1 -1 -1 -1 
644 34 474 186 35 32 -1 -1 -1 -1 
644 35 283 227 85 58 -1 -1 -1 -1 
645 28 579 153 12 13 -1 -1 -1 -1 
645 33 587 190 24 31 -1 -1 -1 -1 
645 34 474 186 35 32 -1 -1 -1 -1 
645 35 283 227 85 58 -1 -1 -1 -1 
646 28 579 154 13 14 -1 -1 -1 -1 
646 33 587 193 26 33 -1 -1 -1 -1 
646 34 476 186 35 30 -1 -1 -1 -1 
646 35 301 220 79 55 -1 -1 -1 -1 
647 28 578 155 14 14 -1 -1 -1 -1 
647 33 589 195 26 36 -1 -1 -1 -1 
647 34 480 183 32 27 -1 -1 -1 -1 
647 35 319 215 71 51 -1 -1 -1 -1 
648 28 578 155 14 14 -1 -1 -1 -1 
648 33 589 195 26 36 -1 -1 -1 -1 
648 34 480 183 32 27 -1 -1 -1 -1 
648 35 319 215 71 51 -1 -1 -1 -1 
649 28 579 156 15 14 -1 -1 -1 -1 
649 33 589 195 26 36 -1 -1 -1 -1 
649 34 484 181 29 26 -1 -1 -1 -1 
650 28 580 157 15 14 -1 -1 -1 -1 
650 34 487 179 28 26 -1 -1 -1 -1 
650 35 346 206 63 47 -1 -1 -1 -1 
651 28 580 157 15 14 -1 -1 -1 -1 
651 34 487 179 28 26 -1 -1 -1 -1 
651 35 346 206 63 47 -1 -1 -1 -1 
652 28 580 158 15 14 -1 -1 -1 -1 
652 34 491 176 25 24 -1 -1 -1 -1 
652 35 356 198 61 47 -1 -1 -1 -1 
653 28 581 159 15 15 -1 -1 -1 -1 
653 34 493 172 26 25 -1 -1 -1 -1 
653 35 366 196 57 44 -1 -1 -1 -1 
654 28 581 159 15 15 -1 -1 -1 -1 
654 34 493 172 26 25 -1 -1 -1 -1 
654 35 366 196 57 44 -1 -1 -1 -1 
655 28 582 161 15 15 -1 -1 -1 -1 
655 34 495 172 26 23 -1 -1 -1 -1 
655 35 377 194 52 41 -1 -1 -1 -1 
655 41 593 214 36 49 -1 -1 -1 -1 
656 28 582 164 16 14 -1 -1 -1 -1 
656 34 497 171 24 22 -1 -1 -1 -1 
656 35 385 193 50 36 -1 -1 -1 -1 
656 41 595 219 37 52 -1 -1 -1 -1 
657 28 582 164 16 14 -1 -1 -1 -1 
657 34 497 171 24 22 -1 -1 -1 -1 
657 35 385 193 50 36 -1 -1 -1 -1 
657 41 595 219 37 52 -1 -1 -1 -1 
658 28 582 165 16 15 -1 -1 -1 -1 
658 34 498 170 24 21 -1 -1 -1 -1 
658 35 393 189 47 35 -1 -1 -1 -1 
658 41 596 226 40 56 -1 -1 -1 -1 
659 28 583 168 15 13 -1 -1 -1 -1 
659 34 499 170 24 18 -1 -1 -1 -1 
659 35 402 187 44 32 -1 -1 -1 -1 
659 41 597 233 42 59 -1 -1 -1 -1 
660 28 583 168 15 13 -1 -1 -1 -1 
660 34 499 170 24 18 -1 -1 -1 -1 
660 35 402 187 44 32 -1 -1 -1 -1 
660 41 597 233 42 59 -1 -1 -1 -1 
661 28 584 169 15 13 -1 -1 -1 -1 
661 34 502 167 22 19 -1 -1 -1 -1 
661 35 406 184 43 33 -1 -1 -1 -1 
662 28 585 169 14 15 -1 -1 -1 -1 
662 34 505 166 21 19 -1 -1 -1 -1 
662 35 413 183 39 32 -1 -1 -1 -1 
663 28 585 169 14 15 -1 -1 -1 -1 
663 34 505 166 21 19 -1 -1 -1 -1 
663 35 413 183 39 32 -1 -1 -1 -1 
664 28 585 170 15 16 -1 -1 -1 -1 
664 34 506 164 20 18 -1 -1 -1 -1 
664 35 418 179 39 30 -1 -1 -1 -1 
665 28 585 170 15 16 -1 -1 -1 -1 
665 34 506 164 20 18 -1 -1 -1 -1 
665 35 418 179 39 30 -1 -1 -1 -1 
666 28 586 171 15 16 -1 -1 -1 -1 
666 34 508 163 18 17 -1 -1 -1 -1 
666 35 425 178 36 28 -1 -1 -1 -1 
667 28 586 174 18 18 -1 -1 -1 -1 
667 34 510 162 18 17 -1 -1 -1 -1 
667 35 430 176 34 28 -1 -1 -1 -1 
668 28 586 174 18 18 -1 -1 -1 -1 
668 34 510 162 18 17 -1 -1 -1 -1 
668 35 430 176 34 28 -1 -1 -1 -1 
669 28 587 175 18 18 -1 -1 -1 -1 
669 34 511 161 18 17 -1 -1 -1 -1 
669 35 434 174 35 26 -1 -1 -1 -1 
670 28 587 178 19 18 -1 -1 -1 -1 
670 34 512 160 18 15 -1 -1 -1 -1 
671 28 587 178 19 18 -1 -1 -1 -1 
671 34 512 160 18 15 -1 -1 -1 -1 
672 28 588 179 20 20 -1 -1 -1 -1 
672 34 513 160 17 14 -1 -1 -1 -1 
672 35 442 171 33 25 -1 -1 -1 -1 
673 28 589 179 19 25 -1 -1 -1 -1 
673 34 514 159 17 15 -1 -1 -1 -1 
673 35 446 169 32 25 -1 -1 -1 -1 
674 28 589 179 19 25 -1 -1 -1 -1 
674 34 514 159 17 15 -1 -1 -1 -1 
674 35 446 169 32 25 -1 -1 -1 -1 
675 28 590 181 20 25 -1 -1 -1 -1 
675 34 515 157 18 16 -1 -1 -1 -1 
675 35 450 168 30 24 -1 -1 -1 -1 
676 28 590 184 21 25 -1 -1 -1 -1 
676 34 516 157 17 14 -1 -1 -1 -1 
676 35 454 167 27 24 -1 -1 -1 -1 
677 28 591 185 23 27 -1 -1 -1 -1 
677 34 517 155 17 15 -1 -1 -1 -1 
678 28 591 185 23 27 -1 -1 -1 -1 
678 34 517 155 17 15 -1 -1 -1 -1 
679 28 593 189 23 29 -1 -1 -1 -1 
679 34 518 154 17 15 -1 -1 -1 -1 
679 35 459 165 27 21 -1 -1 -1 -1 
680 28 594 192 26 31 -1 -1 -1 -1 
680 34 520 154 15 14 -1 -1 -1 -1 
680 35 463 163 24 22 -1 -1 -1 -1 
681 28 594 192 26 31 -1 -1 -1 -1 
681 34 520 154 15 14 -1 -1 -1 -1 
681 35 463 163 24 22 -1 -1 -1 -1 
682 28 596 196 25 31 -1 -1 -1 -1 
682 34 521 152 14 14 -1 -1 -1 -1 
682 35 466 162 23 21 -1 -1 -1 -1 
683 28 597 198 27 35 -1 -1 -1 -1 
683 34 521 152 15 13 -1 -1 -1 -1 
684 28 597 198 27 35 -1 -1 -1 -1 
684 34 521 152 15 13 -1 -1 -1 -1 
685 28 598 203 31 35 -1 -1 -1 -1 
685 34 522 152 14 12 -1 -1 -1 -1 
685 35 471 160 22 19 -1 -1 -1 -1 
686 28 600 208 32 36 -1 -1 -1 -1 
687 28 600 208 32 36 -1 -1 -1 -1 
688 28 600 214 37 41 -1 -1 -1 -1 
688 34 524 152 12 11 -1 -1 -1 -1 
688 35 474 159 22 19 -1 -1 -1 -1 
689 28 600 214 37 41 -1 -1 -1 -1 
690 35 477 159 21 17 -1 -1 -1 -1 
691 35 478 156 22 18 -1 -1 -1 -1 
692 35 480 155 21 17 -1 -1 -1 -1 
693 35 480 155 21 17 -1 -1 -1 -1 
693 42 611 229 28 53 -1 -1 -1 -1 
694 35 483 155 19 17 -1 -1 -1 -1 
694 42 612 237 27 59 -1 -1 -1 -1 
695 35 483 155 19 17 -1 -1 -1 -1 
695 42 612 237 27 59 -1 -1 -1 -1 
696 35 485 154 19 16 -1 -1 -1 -1 
699 35 488 153 18 16 -1 -1 -1 -1 
707 35 496 152 15 12 -1 -1 -1 -1 
708 35 497 151 15 12 -1 -1 -1 -1 
709 35 497 151 15 12 -1 -1 -1 -1 
710 35 497 151 16 12 -1 -1 -1 -1 
713 35 500 150 15 11 -1 -1 -1 -1 
714 35 502 148 13 13 -1 -1 -1 -1 
715 35 502 148 13 13 -1 -1 -1 -1 
716 35 503 148 13 12 -1 -1 -1 -1 
909 35 579 162 14 12 -1 -1 -1 -1 
952 35 579 162 14 12 -1 -1 -1 -1 
956 43 599 218 36 47 -1 -1 -1 -1 
958 43 603 230 36 52 -1 -1 -1 -1 
959 43 603 230 36 52 -1 -1 -1 -1 
960 43 606 239 33 56 -1 -1 -1 -1 
961 43 609 246 30 59 -1 -1 -1 -1 
1009 43 609 246 30 59 -1 -1 -1 -1 
1011 46 581 166 16 14 -1 -1 -1 -1 
1012 46 581 167 16 14 -1 -1 -1 -1 
1013 46 581 168 17 15 -1 -1 -1 -1 
1014 46 581 169 17 15 -1 -1 -1 -1 
1015 46 581 169 17 15 -1 -1 -1 -1 
1016 46 581 170 17 16 -1 -1 -1 -1 
1017 46 581 172 18 15 -1 -1 -1 -1 
1018 46 581 172 18 15 -1 -1 -1 -1 
1019 46 581 172 18 16 -1 -1 -1 -1 
1020 46 582 174 18 18 -1 -1 -1 -1 
1021 46 584 175 17 18 -1 -1 -1 -1 
1022 46 584 175 17 18 -1 -1 -1 -1 
1023 46 584 175 18 21 -1 -1 -1 -1 
1024 46 584 175 18 21 -1 -1 -1 -1 
1025 46 585 176 19 21 -1 -1 -1 -1 
1026 46 586 178 19 23 -1 -1 -1 -1 
1027 46 586 178 19 23 -1 -1 -1 -1 
1028 46 585 182 21 21 -1 -1 -1 -1 
1029 46 586 183 21 23 -1 -1 -1 -1 
1030 46 586 183 21 23 -1 -1 -1 -1 
1031 46 587 183 21 25 -1 -1 -1 -1 
1032 46 588 186 21 27 -1 -1 -1 -1 
1033 46 589 189 23 28 -1 -1 -1 -1 
1034 46 589 189 23 28 -1 -1 -1 -1 
1035 46 590 191 22 28 -1 -1 -1 -1 
1036 46 589 193 27 33 -1 -1 -1 -1 
1037 46 589 193 27 33 -1 -1 -1 -1 
1039 46 591 200 29 33 -1 -1 -1 -1 
1040 46 591 200 29 33 -1 -1 -1 -1 
1041 46 592 205 30 34 -1 -1 -1 -1 
1042 46 594 208 30 38 -1 -1 -1 -1 
1043 46 594 208 30 38 -1 -1 -1 -1 
1045 46 597 215 34 45 -1 -1 -1 -1 
1046 46 597 215 34 45 -1 -1 -1 -1 
1047 46 599 222 36 45 -1 -1 -1 -1 
1050 46 602 234 37 57 -1 -1 -1 -1 
1051 46 603 242 36 58 -1 -1 -1 -1 
1052 46 603 242 36 58 -1 -1 -1 -1 
1052 47 575 149 11 11 -1 -1 -1 -1 
1053 46 606 250 33 65 -1 -1 -1 -1 
1053 47 575 148 12 13 -1 -1 -1 -1 
1054 46 609 258 30 73 -1 -1 -1 -1 
1054 47 575 149 12 12 -1 -1 -1 -1 
1055 46 609 258 30 73 -1 -1 -1 -1 
1055 47 575 149 12 12 -1 -1 -1 -1 
1064 46 609 258 30 73 -1 -1 -1 -1 
1065 47 577 155 12 14 -1 -1 -1 -1 
1066 47 577 155 12 15 -1 -1 -1 -1 
1067 47 577 156 12 14 -1 -1 -1 -1 
1068 47 577 155 14 17 -1 -1 -1 -1 
1069 47 577 155 14 17 -1 -1 -1 -1 
1070 47 578 158 13 15 -1 -1 -1 -1 
1073 47 578 160 14 16 -1 -1 -1 -1 
1074 47 578 160 14 16 -1 -1 -1 -1 
1075 47 578 162 15 17 -1 -1 -1 -1 
1076 47 577 163 17 18 -1 -1 -1 -1 
1077 47 578 165 16 17 -1 -1 -1 -1 
1078 47 578 165 16 17 -1 -1 -1 -1 
1079 47 578 166 18 17 -1 -1 -1 -1 
1080 47 578 165 18 20 -1 -1 -1 -1 
1081 47 578 165 18 20 -1 -1 -1 -1 
1082 47 578 168 19 20 -1 -1 -1 -1 
1083 47 578 168 20 21 -1 -1 -1 -1 
1084 47 578 168 20 21 -1 -1 -1 -1 
1085 47 579 168 19 24 -1 -1 -1 -1 
1086 47 579 168 19 24 -1 -1 -1 -1 
1087 47 580 170 19 24 -1 -1 -1 -1 
1088 47 580 172 20 25 -1 -1 -1 -1 
1089 47 580 172 20 25 -1 -1 -1 -1 
1090 47 582 173 19 26 -1 -1 -1 -1 
1091 47 581 175 22 27 -1 -1 -1 -1 
1092 47 581 175 22 27 -1 -1 -1 -1 
1093 47 583 177 22 27 -1 -1 -1 -1 
1094 47 584 179 22 30 -1 -1 -1 -1 
1095 47 584 179 22 30 -1 -1 -1 -1 
1096 47 584 181 24 30 -1 -1 -1 -1 
1097 47 584 185 25 31 -1 -1 -1 -1 
1098 47 584 185 25 31 -1 -1 -1 -1 
1099 47 586 187 25 33 -1 -1 -1 -1 
1100 47 586 187 25 33 -1 -1 -1 -1 
1101 47 587 190 25 33 -1 -1 -1 -1 
1102 47 587 194 29 36 -1 -1 -1 -1 
1103 47 587 194 29 36 -1 -1 -1 -1 
1104 47 589 197 30 36 -1 -1 -1 -1 
1104 48 591 148 15 18 -1 -1 -1 -1 
1105 47 589 201 33 40 -1 -1 -1 -1 
1106 47 589 201 33 40 -1 -1 -1 -1 
1107 47 592 206 33 39 -1 -1 -1 -1 
1108 47 591 212 37 43 -1 -1 -1 -1 
1109 47 591 212 37 43 -1 -1 -1 -1 
1110 47 593 215 39 49 -1 -1 -1 -1 
1111 47 594 220 43 61 -1 -1 -1 -1 
1111 48 592 149 17 20 -1 -1 -1 -1 
1112 47 594 220 43 61 -1 -1 -1 -1 
1112 48 592 149 17 20 -1 -1 -1 -1 
1113 47 595 227 44 64 -1 -1 -1 -1 
1113 48 592 149 19 20 -1 -1 -1 -1 
1113 49 595 227 44 66 -1 -1 -1 -1 
1114 47 595 227 44 64 -1 -1 -1 -1 
1114 48 592 150 19 20 -1 -1 -1 -1 
1115 48 592 150 19 20 -1 -1 -1 -1 
1115 49 598 235 41 70 -1 -1 -1 -1 
1116 48 593 150 19 20 -1 -1 -1 -1 
1116 49 600 245 39 76 -1 -1 -1 -1 
1117 48 594 150 18 20 -1 -1 -1 -1 
1117 49 603 254 36 89 -1 -1 -1 -1 
1118 48 594 150 18 20 -1 -1 -1 -1 
1118 49 603 254 36 89 -1 -1 -1 -1 
1119 48 594 150 18 21 -1 -1 -1 -1 
1119 49 605 268 34 100 -1 -1 -1 -1 
1120 48 594 151 18 20 -1 -1 -1 -1 
1120 49 609 285 30 116 -1 -1 -1 -1 
1121 48 594 151 18 20 -1 -1 -1 -1 
1121 49 609 285 30 116 -1 -1 -1 -1 
1125 48 578 157 15 17 -1 -1 -1 -1 
1126 48 578 157 15 17 -1 -1 -1 -1 
1128 48 579 159 16 17 -1 -1 -1 -1 
1129 48 580 160 15 17 -1 -1 -1 -1 
1130 48 580 160 15 17 -1 -1 -1 -1 
1131 48 580 161 16 18 -1 -1 -1 -1 
1132 48 581 163 17 18 -1 -1 -1 -1 
1133 48 581 163 17 18 -1 -1 -1 -1 
1134 48 582 165 16 17 -1 -1 -1 -1 
1135 48 583 166 16 18 -1 -1 -1 -1 
1136 48 583 167 17 18 -1 -1 -1 -1 
1137 48 583 167 17 18 -1 -1 -1 -1 
1138 48 584 169 17 18 -1 -1 -1 -1 
1139 48 585 169 18 20 -1 -1 -1 -1 
1140 48 586 172 18 20 -1 -1 -1 -1 
1141 48 586 172 18 20 -1 -1 -1 -1 
1142 48 587 172 19 22 -1 -1 -1 -1 
1143 48 589 172 18 24 -1 -1 -1 -1 
1144 48 589 172 18 24 -1 -1 -1 -1 
1145 48 590 174 19 24 -1 -1 -1 -1 
1146 48 590 176 22 26 -1 -1 -1 -1 
1147 48 592 177 23 27 -1 -1 -1 -1 
1148 48 592 177 23 27 -1 -1 -1 -1 
1149 48 593 180 24 28 -1 -1 -1 -1 
1150 48 595 182 23 29 -1 -1 -1 -1 
1151 48 595 182 23 29 -1 -1 -1 -1 
1155 48 600 190 29 32 -1 -1 -1 -1 
1156 48 600 190 29 32 -1 -1 -1 -1 
1157 48 602 194 28 33 -1 -1 -1 -1 
1160 48 606 196 33 43 -1 -1 -1 -1 
1161 48 606 163 33 82 -1 -1 -1 -1 
1162 48 606 163 33 82 -1 -1 -1 -1 
1164 48 608 160 31 99 -1 -1 -1 -1 
1165 48 608 160 31 99 -1 -1 -1 -1 
1217 48 608 160 31 99 -1 -1 -1 -1 
1219 51 575 147 10 12 -1 -1 -1 -1 
1220 51 575 147 11 12 -1 -1 -1 -1 
1221 51 574 147 12 13 -1 -1 -1 -1 
1222 51 574 147 12 13 -1 -1 -1 -1 
1223 51 576 148 11 13 -1 -1 -1 -1 
1224 51 575 148 13 13 -1 -1 -1 -1 
1225 51 575 149 13 14 -1 -1 -1 -1 
1226 51 576 149 12 16 -1 -1 -1 -1 
1227 51 576 149 12 16 -1 -1 -1 -1 
1228 51 576 151 13 15 -1 -1 -1 -1 
1229 51 576 151 13 17 -1 -1 -1 -1 
1230 51 577 152 12 17 -1 -1 -1 -1 
1231 51 578 154 11 16 -1 -1 -1 -1 
1231 52 75 351 181 127 -1 -1 -1 -1 
1232 51 578 154 11 16 -1 -1 -1 -1 
1232 52 75 351 181 127 -1 -1 -1 -1 
1233 51 577 155 13 16 -1 -1 -1 -1 
1233 52 131 325 158 122 -1 -1 -1 -1 
1234 51 578 155 13 17 -1 -1 -1 -1 
1234 52 176 304 142 106 -1 -1 -1 -1 
1235 51 578 156 13 17 -1 -1 -1 -1 
1235 52 217 286 126 96 -1 -1 -1 -1 
1236 51 578 156 13 17 -1 -1 -1 -1 
1236 52 217 286 126 96 -1 -1 -1 -1 
1237 51 578 160 14 15 -1 -1 -1 -1 
1237 52 249 269 116 88 -1 -1 -1 -1 
1238 51 578 162 16 15 -1 -1 -1 -1 
1238 52 277 256 104 79 -1 -1 -1 -1 
1239 51 578 162 16 15 -1 -1 -1 -1 
1239 52 277 256 104 79 -1 -1 -1 -1 
1240 51 579 162 15 17 -1 -1 -1 -1 
1240 52 305 246 89 72 -1 -1 -1 -1 
1241 51 579 162 16 19 -1 -1 -1 -1 
1241 52 324 236 82 67 -1 -1 -1 -1 
1242 51 578 164 18 18 -1 -1 -1 -1 
1242 52 342 228 75 61 -1 -1 -1 -1 
1243 51 578 164 18 18 -1 -1 -1 -1 
1243 52 342 228 75 61 -1 -1 -1 -1 
1244 51 579 165 17 19 -1 -1 -1 -1 
1244 52 356 223 72 55 -1 -1 -1 -1 
1245 51 580 166 17 20 -1 -1 -1 -1 
1245 52 370 215 65 53 -1 -1 -1 -1 
1246 51 580 166 17 20 -1 -1 -1 -1 
1246 52 370 215 65 53 -1 -1 -1 -1 
1247 51 580 168 18 20 -1 -1 -1 -1 
1247 52 383 211 60 49 -1 -1 -1 -1 
1248 51 581 168 18 21 -1 -1 -1 -1 
1248 52 393 206 56 44 -1 -1 -1 -1 
1249 51 581 170 18 22 -1 -1 -1 -1 
1249 52 404 204 50 39 -1 -1 -1 -1 
1250 51 581 170 18 22 -1 -1 -1 -1 
1250 52 404 204 50 39 -1 -1 -1 -1 
1251 51 583 172 17 23 -1 -1 -1 -1 
1251 52 413 198 44 39 -1 -1 -1 -1 
1251 53 412 199 45 38 -1 -1 -1 -1 
1252 51 584 173 18 24 -1 -1 -1 -1 
1252 52 419 195 45 36 -1 -1 -1 -1 
1253 51 584 173 18 24 -1 -1 -1 -1 
1253 52 419 195 45 36 -1 -1 -1 -1 
1254 51 585 175 19 25 -1 -1 -1 -1 
1254 52 427 192 42 34 -1 -1 -1 -1 
1255 51 585 177 21 26 -1 -1 -1 -1 
1255 52 432 189 40 33 -1 -1 -1 -1 
1256 51 584 180 24 27 -1 -1 -1 -1 
1256 52 439 186 38 31 -1 -1 -1 -1 
1257 51 584 180 24 27 -1 -1 -1 -1 
1257 52 439 186 38 31 -1 -1 -1 -1 
1258 51 586 182 23 28 -1 -1 -1 -1 
1258 52 444 185 36 28 -1 -1 -1 -1 
1259 51 587 185 22 30 -1 -1 -1 -1 
1259 52 450 181 32 27 -1 -1 -1 -1 
1260 51 588 187 24 32 -1 -1 -1 -1 
1260 52 453 180 32 26 -1 -1 -1 -1 
1261 51 589 190 26 33 -1 -1 -1 -1 
1261 52 456 178 33 26 -1 -1 -1 -1 
1262 51 589 190 26 33 -1 -1 -1 -1 
1262 52 456 178 33 26 -1 -1 -1 -1 
1263 51 590 194 29 37 -1 -1 -1 -1 
1263 52 461 176 29 23 -1 -1 -1 -1 
1264 51 591 198 30 35 -1 -1 -1 -1 
1264 52 465 173 27 24 -1 -1 -1 -1 
1265 51 592 202 31 41 -1 -1 -1 -1 
1265 52 467 173 27 22 -1 -1 -1 -1 
1266 51 592 202 31 41 -1 -1 -1 -1 
1266 52 467 173 27 22 -1 -1 -1 -1 
1267 51 592 202 31 41 -1 -1 -1 -1 
1268 52 473 168 27 22 -1 -1 -1 -1 
1269 52 476 166 24 22 -1 -1 -1 -1 
1270 52 476 166 24 22 -1 -1 -1 -1 
1270 54 595 215 42 54 -1 -1 -1 -1 
1271 52 477 166 25 20 -1 -1 -1 -1 
1271 54 598 221 41 60 -1 -1 -1 -1 
1272 52 477 166 25 20 -1 -1 -1 -1 
1272 54 598 221 41 60 -1 -1 -1 -1 
1273 52 481 164 22 19 -1 -1 -1 -1 
1273 54 600 226 39 63 -1 -1 -1 -1 
1274 52 483 161 23 20 -1 -1 -1 -1 
1274 54 602 236 37 72 -1 -1 -1 -1 
1275 52 486 161 22 19 -1 -1 -1 -1 
1275 54 605 246 34 75 -1 -1 -1 -1 
1276 52 486 161 22 19 -1 -1 -1 -1 
1276 54 605 246 34 75 -1 -1 -1 -1 
1277 52 489 160 20 18 -1 -1 -1 -1 
1277 54 608 256 31 89 -1 -1 -1 -1 
1278 52 489 160 20 16 -1 -1 -1 -1 
1278 54 608 256 31 89 -1 -1 -1 -1 
1279 52 489 160 20 16 -1 -1 -1 -1 
1279 55 1 387 241 90 -1 -1 -1 -1 
1280 52 490 159 21 15 -1 -1 -1 -1 
1280 55 68 355 212 123 -1 -1 -1 -1 
1281 52 493 158 19 16 -1 -1 -1 -1 
1281 55 129 328 184 140 -1 -1 -1 -1 
1282 52 495 157 18 16 -1 -1 -1 -1 
1282 55 180 306 158 118 -1 -1 -1 -1 
1283 52 495 157 18 16 -1 -1 -1 -1 
1283 55 180 306 158 118 -1 -1 -1 -1 
1284 52 497 156 17 15 -1 -1 -1 -1 
1284 55 222 286 140 107 -1 -1 -1 -1 
1285 52 498 155 17 15 -1 -1 -1 -1 
1285 55 256 268 124 100 -1 -1 -1 -1 
1286 52 498 155 17 15 -1 -1 -1 -1 
1286 55 256 268 124 100 -1 -1 -1 -1 
1287 52 499 154 18 15 -1 -1 -1 -1 
1287 55 285 254 110 91 -1 -1 -1 -1 
1288 52 500 154 19 15 -1 -1 -1 -1 
1288 55 310 245 98 80 -1 -1 -1 -1 
1289 52 502 153 17 14 -1 -1 -1 -1 
1289 55 331 234 88 75 -1 -1 -1 -1 
1290 52 502 153 17 14 -1 -1 -1 -1 
1290 55 331 234 88 75 -1 -1 -1 -1 
1291 52 504 153 15 13 -1 -1 -1 -1 
1291 55 350 228 79 67 -1 -1 -1 -1 
1292 52 504 152 17 13 -1 -1 -1 -1 
1292 55 365 220 74 62 -1 -1 -1 -1 
1293 52 504 152 17 13 -1 -1 -1 -1 
1293 55 365 220 74 62 -1 -1 -1 -1 
1294 52 506 151 16 13 -1 -1 -1 -1 
1294 55 379 215 66 57 -1 -1 -1 -1 
1295 52 506 151 17 12 -1 -1 -1 -1 
1295 55 388 208 65 56 -1 -1 -1 -1 
1296 52 508 150 15 13 -1 -1 -1 -1 
1296 55 400 205 58 50 -1 -1 -1 -1 
1297 52 508 150 15 13 -1 -1 -1 -1 
1297 55 400 205 58 50 -1 -1 -1 -1 
1298 52 508 149 16 14 -1 -1 -1 -1 
1298 55 409 201 54 48 -1 -1 -1 -1 
1299 52 510 148 15 13 -1 -1 -1 -1 
1299 55 417 198 50 44 -1 -1 -1 -1 
1300 52 510 148 15 13 -1 -1 -1 -1 
1300 55 417 198 50 44 -1 -1 -1 -1 
1301 52 511 148 14 12 -1 -1 -1 -1 
1301 55 425 194 48 42 -1 -1 -1 -1 
1302 52 512 147 14 12 -1 -1 -1 -1 
1302 55 431 192 44 38 -1 -1 -1 -1 
1303 52 513 147 13 12 -1 -1 -1 -1 
1303 55 438 187 41 37 -1 -1 -1 -1 
1304 52 513 147 13 12 -1 -1 -1 -1 
1304 55 438 187 41 37 -1 -1 -1 -1 
1305 52 514 147 13 12 -1 -1 -1 -1 
1305 55 442 185 40 35 -1 -1 -1 -1 
1306 52 516 146 11 13 -1 -1 -1 -1 
1306 55 449 184 36 33 -1 -1 -1 -1 
1307 52 516 146 11 13 -1 -1 -1 -1 
1307 55 449 184 36 33 -1 -1 -1 -1 
1308 52 517 146 10 12 -1 -1 -1 -1 
1308 55 452 180 35 31 -1 -1 -1 -1 
1309 52 517 146 10 10 -1 -1 -1 -1 
1309 55 457 178 31 30 -1 -1 -1 -1 
1310 52 517 146 10 10 -1 -1 -1 -1 
1310 55 457 178 31 30 -1 -1 -1 -1 
1311 52 517 146 10 10 -1 -1 -1 -1 
1312 55 463 174 30 27 -1 -1 -1 -1 
1313 55 466 172 29 25 -1 -1 -1 -1 
1314 55 466 172 29 25 -1 -1 -1 -1 
1315 52 519 144 11 9 -1 -1 -1 -1 
1315 55 470 170 27 26 -1 -1 -1 -1 
1316 52 520 143 11 9 -1 -1 -1 -1 
1316 55 471 168 28 26 -1 -1 -1 -1 
1317 52 521 142 11 10 -1 -1 -1 -1 
1317 55 475 167 26 25 -1 -1 -1 -1 
1318 52 521 142 11 10 -1 -1 -1 -1 
1318 55 475 167 26 25 -1 -1 -1 -1 
1319 52 521 142 11 10 -1 -1 -1 -1 
1320 55 481 164 22 22 -1 -1 -1 -1 
1321 55 481 164 22 22 -1 -1 -1 -1 
1322 55 482 163 24 21 -1 -1 -1 -1 
1323 55 485 161 22 21 -1 -1 -1 -1 
1324 55 487 160 21 21 -1 -1 -1 -1 
1325 55 489 159 20 20 -1 -1 -1 -1 
1326 55 489 159 20 20 -1 -1 -1 -1 
1327 55 489 158 20 19 -1 -1 -1 -1 
1327 57 3 321 293 157 -1 -1 -1 -1 
1328 55 489 158 20 19 -1 -1 -1 -1 
1328 57 3 321 293 157 -1 -1 -1 -1 
1329 55 491 157 19 19 -1 -1 -1 -1 
1329 57 52 294 274 184 -1 -1 -1 -1 
1330 55 494 156 18 19 -1 -1 -1 -1 
1330 57 124 268 234 209 -1 -1 -1 -1 
1331 55 495 155 18 19 -1 -1 -1 -1 
1331 57 180 249 202 214 -1 -1 -1 -1 
1332 55 495 155 18 19 -1 -1 -1 -1 
1332 57 180 249 202 214 -1 -1 -1 -1 
1333 55 497 154 17 18 -1 -1 -1 -1 
1333 57 228 241 167 183 -1 -1 -1 -1 
1334 55 497 154 17 18 -1 -1 -1 -1 
1334 57 228 241 167 183 -1 -1 -1 -1 
1335 55 498 154 17 16 -1 -1 -1 -1 
1335 57 263 230 148 162 -1 -1 -1 -1 
1336 55 499 153 16 17 -1 -1 -1 -1 
1336 57 294 218 129 147 -1 -1 -1 -1 
1337 55 499 153 16 17 -1 -1 -1 -1 
1337 57 294 218 129 147 -1 -1 -1 -1 
1338 55 500 153 17 16 -1 -1 -1 -1 
1338 57 317 212 118 131 -1 -1 -1 -1 
1339 55 502 152 16 16 -1 -1 -1 -1 
1339 57 337 205 107 121 -1 -1 -1 -1 
1340 55 502 152 16 16 -1 -1 -1 -1 
1340 57 337 205 107 121 -1 -1 -1 -1 
1341 55 503 152 15 14 -1 -1 -1 -1 
1341 57 356 203 95 105 -1 -1 -1 -1 
1342 55 504 151 15 14 -1 -1 -1 -1 
1342 57 371 199 86 97 -1 -1 -1 -1 
1343 55 504 151 15 14 -1 -1 -1 -1 
1343 57 371 199 86 97 -1 -1 -1 -1 
1344 55 505 150 15 15 -1 -1 -1 -1 
1344 57 385 192 78 92 -1 -1 -1 -1 
1345 55 505 150 15 15 -1 -1 -1 -1 
1345 57 385 192 78 92 -1 -1 -1 -1 
1346 55 506 150 14 14 -1 -1 -1 -1 
1346 57 394 190 74 83 -1 -1 -1 -1 
1346 59 0 277 72 189 -1 -1 -1 -1 
1347 55 507 149 15 14 -1 -1 -1 -1 
1347 57 406 184 66 82 -1 -1 -1 -1 
1347 59 0 264 99 186 -1 -1 -1 -1 
1348 55 507 149 15 14 -1 -1 -1 -1 
1348 57 406 184 66 82 -1 -1 -1 -1 
1348 59 0 264 99 186 -1 -1 -1 -1 
1349 55 508 147 15 15 -1 -1 -1 -1 
1349 57 413 181 63 77 -1 -1 -1 -1 
1349 59 1 255 124 185 -1 -1 -1 -1 
1350 55 509 147 15 14 -1 -1 -1 -1 
1350 57 421 179 61 72 -1 -1 -1 -1 
1350 59 0 234 147 210 -1 -1 -1 -1 
1351 55 509 147 15 14 -1 -1 -1 -1 
1351 57 421 179 61 72 -1 -1 -1 -1 
1351 59 0 234 147 210 -1 -1 -1 -1 
1352 55 510 147 14 13 -1 -1 -1 -1 
1352 57 428 175 56 70 -1 -1 -1 -1 
1352 59 2 228 170 205 -1 -1 -1 -1 
1353 55 511 147 13 12 -1 -1 -1 -1 
1353 57 433 173 53 67 -1 -1 -1 -1 
1353 59 1 220 189 210 -1 -1 -1 -1 
1354 55 512 147 13 12 -1 -1 -1 -1 
1354 57 438 170 51 64 -1 -1 -1 -1 
1354 59 1 215 209 208 -1 -1 -1 -1 
1355 55 512 147 13 12 -1 -1 -1 -1 
1355 57 438 170 51 64 -1 -1 -1 -1 
1355 59 1 215 209 208 -1 -1 -1 -1 
1356 55 513 146 12 12 -1 -1 -1 -1 
1356 57 444 169 46 59 -1 -1 -1 -1 
1356 59 1 209 226 233 -1 -1 -1 -1 
1357 55 514 145 12 13 -1 -1 -1 -1 
1357 57 448 166 45 59 -1 -1 -1 -1 
1357 59 2 200 244 271 -1 -1 -1 -1 
1358 55 514 145 12 13 -1 -1 -1 -1 
1358 57 453 166 42 54 -1 -1 -1 -1 
1358 59 2 195 260 270 -1 -1 -1 -1 
1359 57 453 166 42 54 -1 -1 -1 -1 
1359 59 2 195 260 270 -1 -1 -1 -1 
1359 62 226 175 15 25 -1 -1 -1 -1 
1360 57 458 161 39 54 -1 -1 -1 -1 
1360 59 3 191 272 273 -1 -1 -1 -1 
1361 57 458 161 39 54 -1 -1 -1 -1 
1362 59 2 182 289 275 -1 -1 -1 -1 
1363 55 583 149 16 17 -1 -1 -1 -1 
1363 57 464 159 37 52 -1 -1 -1 -1 
1363 59 3 184 297 258 -1 -1 -1 -1 
1364 55 583 149 16 17 -1 -1 -1 -1 
1364 57 468 157 35 50 -1 -1 -1 -1 
1365 57 470 157 34 47 -1 -1 -1 -1 
1365 59 3 174 316 257 -1 -1 -1 -1 
1366 57 470 157 34 47 -1 -1 -1 -1 
1366 59 3 174 316 257 -1 -1 -1 -1 
1367 57 473 156 32 44 -1 -1 -1 -1 
1367 59 1 148 329 269 -1 -1 -1 -1 
1368 57 474 155 31 43 -1 -1 -1 -1 
1368 59 1 154 336 243 -1 -1 -1 -1 
1369 57 474 155 31 43 -1 -1 -1 -1 
1369 59 1 154 336 243 -1 -1 -1 -1 
1370 57 477 153 31 42 -1 -1 -1 -1 
1370 59 0 162 352 220 -1 -1 -1 -1 
1371 57 480 152 29 41 -1 -1 -1 -1 
1371 59 27 156 332 207 -1 -1 -1 -1 
1372 57 480 152 29 41 -1 -1 -1 -1 
1372 59 27 156 332 207 -1 -1 -1 -1 
1373 57 480 152 29 41 -1 -1 -1 -1 
1374 59 77 176 289 164 -1 -1 -1 -1 
1375 59 77 176 289 164 -1 -1 -1 -1 
1376 59 101 163 276 163 -1 -1 -1 -1 
1376 64 583 167 14 14 -1 -1 -1 -1 
1377 57 487 149 25 36 -1 -1 -1 -1 
1377 59 121 165 261 153 -1 -1 -1 -1 
1377 64 583 168 15 13 -1 -1 -1 -1 
1378 57 487 149 25 36 -1 -1 -1 -1 
1378 59 121 165 261 153 -1 -1 -1 -1 
1378 64 583 168 15 13 -1 -1 -1 -1 
1379 57 487 149 25 36 -1 -1 -1 -1 
1379 59 142 167 246 144 -1 -1 -1 -1 
1380 59 158 170 240 130 -1 -1 -1 -1 
1380 64 584 172 15 13 -1 -1 -1 -1 
1381 59 158 170 240 130 -1 -1 -1 -1 
1381 64 584 172 15 13 -1 -1 -1 -1 
1382 59 177 161 221 134 -1 -1 -1 -1 
1382 64 585 173 15 15 -1 -1 -1 -1 
1383 57 493 146 22 32 -1 -1 -1 -1 
1383 59 194 159 208 127 -1 -1 -1 -1 
1383 64 585 175 15 14 -1 -1 -1 -1 
1384 57 494 145 24 31 -1 -1 -1 -1 
1384 59 208 163 197 116 -1 -1 -1 -1 
1384 64 586 175 16 16 -1 -1 -1 -1 
1385 57 494 145 24 31 -1 -1 -1 -1 
1385 59 208 163 197 116 -1 -1 -1 -1 
1385 64 586 175 16 16 -1 -1 -1 -1 
1386 57 494 145 24 31 -1 -1 -1 -1 
1387 55 591 153 18 20 -1 -1 -1 -1 
1387 64 588 177 18 17 -1 -1 -1 -1 
1388 55 591 153 18 20 -1 -1 -1 -1 
1388 64 588 177 18 17 -1 -1 -1 -1 
1389 55 592 153 18 22 -1 -1 -1 -1 
1389 64 588 179 20 18 -1 -1 -1 -1 
1390 55 592 153 18 22 -1 -1 -1 -1 
1390 64 588 179 20 18 -1 -1 -1 -1 
1391 55 592 155 19 23 -1 -1 -1 -1 
1391 64 589 180 19 19 -1 -1 -1 -1 
1392 55 593 154 19 25 -1 -1 -1 -1 
1392 64 590 178 19 23 -1 -1 -1 -1 
1393 55 594 154 20 24 -1 -1 -1 -1 
1393 64 591 178 19 24 -1 -1 -1 -1 
1394 55 594 154 20 24 -1 -1 -1 -1 
1394 64 591 178 19 24 -1 -1 -1 -1 
1395 55 594 155 21 24 -1 -1 -1 -1 
1395 64 592 179 20 26 -1 -1 -1 -1 
1396 55 594 155 21 24 -1 -1 -1 -1 
1396 64 594 181 20 27 -1 -1 -1 -1 
1397 64 595 183 21 28 -1 -1 -1 -1 
1398 64 596 185 22 29 -1 -1 -1 -1 
1399 64 596 185 22 29 -1 -1 -1 -1 
1400 64 596 187 24 31 -1 -1 -1 -1 
1401 64 598 193 25 27 -1 -1 -1 -1 
1402 64 598 193 25 27 -1 -1 -1 -1 
1402 67 167 362 178 115 -1 -1 -1 -1 
1403 64 600 196 24 29 -1 -1 -1 -1 
1403 67 223 332 151 121 -1 -1 -1 -1 
1404 64 601 197 28 34 -1 -1 -1 -1 
1404 67 267 307 131 105 -1 -1 -1 -1 
1405 64 602 203 29 30 -1 -1 -1 -1 
1405 67 303 289 115 93 -1 -1 -1 -1 
1406 64 602 203 29 30 -1 -1 -1 -1 
1406 67 303 289 115 93 -1 -1 -1 -1 
1407 64 604 204 29 35 -1 -1 -1 -1 
1407 67 333 271 100 80 -1 -1 -1 -1 
1408 64 607 210 29 32 -1 -1 -1 -1 
1408 67 359 256 87 75 -1 -1 -1 -1 
1409 64 607 210 29 32 -1 -1 -1 -1 
1409 67 359 256 87 75 -1 -1 -1 -1 
1409 70 361 151 97 63 -1 -1 -1 -1 
1410 64 608 211 31 40 -1 -1 -1 -1 
1410 67 379 244 78 69 -1 -1 -1 -1 
1410 70 367 152 94 62 -1 -1 -1 -1 
1410 71 598 157 26 35 -1 -1 -1 -1 
1411 64 609 215 30 40 -1 -1 -1 -1 
1411 67 394 238 73 59 -1 -1 -1 -1 
1411 70 371 152 91 62 -1 -1 -1 -1 
1412 64 609 215 30 40 -1 -1 -1 -1 
1412 67 394 238 73 59 -1 -1 -1 -1 
1412 70 371 152 91 62 -1 -1 -1 -1 
1413 64 611 216 28 45 -1 -1 -1 -1 
1413 67 408 227 66 55 -1 -1 -1 -1 
1413 70 377 150 86 62 -1 -1 -1 -1 
1414 64 614 218 25 51 -1 -1 -1 -1 
1414 67 421 223 60 48 -1 -1 -1 -1 
1414 70 382 149 82 62 -1 -1 -1 -1 
1415 64 614 218 25 51 -1 -1 -1 -1 
1415 67 421 223 60 48 -1 -1 -1 -1 
1415 70 382 149 82 62 -1 -1 -1 -1 
1415 72 383 150 83 60 -1 -1 -1 -1 
1416 64 614 218 25 51 -1 -1 -1 -1 
1416 67 432 215 55 47 -1 -1 -1 -1 
1417 67 441 208 49 44 -1 -1 -1 -1 
1417 72 390 146 81 60 -1 -1 -1 -1 
1418 67 441 208 49 44 -1 -1 -1 -1 
1418 72 390 146 81 60 -1 -1 -1 -1 
1419 67 449 207 47 38 -1 -1 -1 -1 
1419 72 395 146 76 57 -1 -1 -1 -1 
1420 67 456 203 44 34 -1 -1 -1 -1 
1420 72 398 146 75 56 -1 -1 -1 -1 
1421 67 456 203 44 34 -1 -1 -1 -1 
1421 72 398 146 75 56 -1 -1 -1 -1 
1422 67 463 198 39 34 -1 -1 -1 -1 
1422 72 401 144 75 57 -1 -1 -1 -1 
1423 55 581 170 17 18 -1 -1 -1 -1 
1423 67 468 194 39 32 -1 -1 -1 -1 
1423 72 405 145 72 55 -1 -1 -1 -1 
1424 55 581 170 17 18 -1 -1 -1 -1 
1424 67 468 194 39 32 -1 -1 -1 -1 
1424 72 405 145 72 55 -1 -1 -1 -1 
1425 55 581 172 17 17 -1 -1 -1 -1 
1425 67 474 190 33 31 -1 -1 -1 -1 
1425 70 408 146 69 53 -1 -1 -1 -1 
1425 72 408 145 70 53 -1 -1 -1 -1 
1426 55 582 172 18 19 -1 -1 -1 -1 
1426 67 477 187 35 29 -1 -1 -1 -1 
1426 70 413 144 66 52 -1 -1 -1 -1 
1426 72 408 145 70 53 -1 -1 -1 -1 
1427 55 583 176 16 16 -1 -1 -1 -1 
1427 67 482 186 31 26 -1 -1 -1 -1 
1427 70 416 143 66 53 -1 -1 -1 -1 
1427 72 415 141 66 55 -1 -1 -1 -1 
1428 55 583 176 16 16 -1 -1 -1 -1 
1428 67 482 186 31 26 -1 -1 -1 -1 
1428 70 416 143 66 53 -1 -1 -1 -1 
1428 72 415 141 66 55 -1 -1 -1 -1 
1429 55 584 176 16 17 -1 -1 -1 -1 
1429 67 485 182 31 26 -1 -1 -1 -1 
1429 70 417 144 66 52 -1 -1 -1 -1 
1430 55 584 177 17 18 -1 -1 -1 -1 
1430 67 489 179 29 26 -1 -1 -1 -1 
1430 70 420 146 63 49 -1 -1 -1 -1 
1431 55 585 178 16 18 -1 -1 -1 -1 
1431 67 492 176 27 25 -1 -1 -1 -1 
1431 70 422 143 63 50 -1 -1 -1 -1 
1432 55 585 178 16 18 -1 -1 -1 -1 
1432 67 492 176 27 25 -1 -1 -1 -1 
1432 70 422 143 63 50 -1 -1 -1 -1 
1433 55 585 179 18 20 -1 -1 -1 -1 
1433 67 494 173 27 25 -1 -1 -1 -1 
1433 70 423 143 63 49 -1 -1 -1 -1 
1434 55 586 181 18 21 -1 -1 -1 -1 
1434 67 497 172 25 24 -1 -1 -1 -1 
1434 70 427 141 60 51 -1 -1 -1 -1 
1435 55 586 181 19 23 -1 -1 -1 -1 
1435 67 499 173 23 20 -1 -1 -1 -1 
1435 70 430 142 57 50 -1 -1 -1 -1 
1436 55 586 181 19 23 -1 -1 -1 -1 
1436 67 499 173 23 20 -1 -1 -1 -1 
1436 70 430 142 57 50 -1 -1 -1 -1 
1437 55 585 183 20 24 -1 -1 -1 -1 
1437 67 501 171 23 19 -1 -1 -1 -1 
1437 70 433 143 56 48 -1 -1 -1 -1 
1438 55 585 185 22 24 -1 -1 -1 -1 
1438 67 504 169 20 20 -1 -1 -1 -1 
1438 70 436 144 55 48 -1 -1 -1 -1 
1439 55 585 185 22 24 -1 -1 -1 -1 
1439 67 504 169 20 20 -1 -1 -1 -1 
1439 70 436 144 55 48 -1 -1 -1 -1 
1440 55 586 185 21 27 -1 -1 -1 -1 
1440 67 505 166 21 19 -1 -1 -1 -1 
1440 70 438 142 53 49 -1 -1 -1 -1 
1441 55 587 187 22 28 -1 -1 -1 -1 
1441 67 507 166 20 18 -1 -1 -1 -1 
1441 70 440 143 52 46 -1 -1 -1 -1 
1442 55 587 189 24 30 -1 -1 -1 -1 
1442 67 509 164 20 18 -1 -1 -1 -1 
1442 70 443 142 49 45 -1 -1 -1 -1 
1443 55 587 189 24 30 -1 -1 -1 -1 
1443 67 509 164 20 18 -1 -1 -1 -1 
1443 70 443 142 49 45 -1 -1 -1 -1 
1444 55 588 192 24 30 -1 -1 -1 -1 
1444 67 511 163 19 18 -1 -1 -1 -1 
1444 70 445 142 48 45 -1 -1 -1 -1 
1445 55 589 194 24 31 -1 -1 -1 -1 
1445 67 511 162 19 17 -1 -1 -1 -1 
1445 70 447 142 47 45 -1 -1 -1 -1 
1446 55 589 194 24 31 -1 -1 -1 -1 
1446 67 511 162 19 17 -1 -1 -1 -1 
1446 70 447 142 47 45 -1 -1 -1 -1 
1447 55 589 197 26 34 -1 -1 -1 -1 
1447 67 513 161 17 15 -1 -1 -1 -1 
1447 70 448 142 47 43 -1 -1 -1 -1 
1448 55 590 199 28 35 -1 -1 -1 -1 
1448 67 514 160 17 15 -1 -1 -1 -1 
1448 70 450 141 46 43 -1 -1 -1 -1 
1449 55 590 202 30 38 -1 -1 -1 -1 
1449 67 516 158 16 16 -1 -1 -1 -1 
1449 70 451 141 46 42 -1 -1 -1 -1 
1450 55 590 202 30 38 -1 -1 -1 -1 
1450 67 516 158 16 16 -1 -1 -1 -1 
1450 70 451 141 46 42 -1 -1 -1 -1 
1451 55 591 208 32 38 -1 -1 -1 -1 
1451 67 517 157 17 17 -1 -1 -1 -1 
1451 70 453 141 46 41 -1 -1 -1 -1 
1452 55 593 210 33 42 -1 -1 -1 -1 
1452 67 518 156 16 15 -1 -1 -1 -1 
1452 70 454 142 46 38 -1 -1 -1 -1 
1453 55 595 214 31 43 -1 -1 -1 -1 
1453 67 519 156 16 14 -1 -1 -1 -1 
1453 70 456 141 44 38 -1 -1 -1 -1 
1454 55 595 214 31 43 -1 -1 -1 -1 
1454 67 519 156 16 14 -1 -1 -1 -1 
1454 70 456 141 44 38 -1 -1 -1 -1 
1455 55 595 216 35 47 -1 -1 -1 -1 
1455 67 520 155 15 14 -1 -1 -1 -1 
1455 70 459 141 42 37 -1 -1 -1 -1 
1456 55 597 219 36 53 -1 -1 -1 -1 
1456 67 521 153 15 14 -1 -1 -1 -1 
1456 70 460 141 42 37 -1 -1 -1 -1 
1457 55 597 228 39 54 -1 -1 -1 -1 
1457 67 521 152 15 14 -1 -1 -1 -1 
1457 70 461 140 42 37 -1 -1 -1 -1 
1458 55 597 228 39 54 -1 -1 -1 -1 
1458 67 521 152 15 14 -1 -1 -1 -1 
1458 70 461 140 42 37 -1 -1 -1 -1 
1459 55 597 228 39 54 -1 -1 -1 -1 
1459 67 522 151 15 14 -1 -1 -1 -1 
1460 67 522 151 15 14 -1 -1 -1 -1 
1461 70 465 139 40 37 -1 -1 -1 -1 
1462 70 465 140 41 34 -1 -1 -1 -1 
1463 70 467 140 39 34 -1 -1 -1 -1 
1464 70 467 140 39 34 -1 -1 -1 -1 
1464 76 603 257 36 77 -1 -1 -1 -1 
1465 70 468 138 40 36 -1 -1 -1 -1 
1465 76 605 268 34 83 -1 -1 -1 -1 
1466 70 470 139 38 36 -1 -1 -1 -1 
1467 70 470 139 38 36 -1 -1 -1 -1 
1468 70 471 139 38 35 -1 -1 -1 -1 
1471 70 472 140 36 32 -1 -1 -1 -1 
1472 70 473 139 36 33 -1 -1 -1 -1 
1473 70 473 139 36 33 -1 -1 -1 -1 
1474 70 473 139 36 33 -1 -1 -1 -1 
1476 70 474 139 37 32 -1 -1 -1 -1 
1476 77 118 374 223 104 -1 -1 -1 -1 
1477 70 476 139 35 31 -1 -1 -1 -1 
1477 77 179 342 192 137 -1 -1 -1 -1 
1478 70 476 139 35 31 -1 -1 -1 -1 
1478 77 179 342 192 137 -1 -1 -1 -1 
1479 70 477 138 35 32 -1 -1 -1 -1 
1479 77 235 314 161 143 -1 -1 -1 -1 
1480 70 480 138 32 31 -1 -1 -1 -1 
1480 77 278 294 139 116 -1 -1 -1 -1 
1481 70 480 138 33 30 -1 -1 -1 -1 
1481 77 313 270 119 106 -1 -1 -1 -1 
1482 70 480 138 33 30 -1 -1 -1 -1 
1482 77 313 270 119 106 -1 -1 -1 -1 
1483 70 480 138 33 30 -1 -1 -1 -1 
1483 77 342 258 103 91 -1 -1 -1 -1 
1484 70 483 137 30 30 -1 -1 -1 -1 
1484 77 364 249 95 79 -1 -1 -1 -1 
1485 70 484 137 30 29 -1 -1 -1 -1 
1485 77 383 235 82 77 -1 -1 -1 -1 
1486 70 484 137 30 29 -1 -1 -1 -1 
1486 77 383 235 82 77 -1 -1 -1 -1 
1487 70 484 137 30 29 -1 -1 -1 -1 
1487 77 399 226 74 71 -1 -1 -1 -1 
1488 70 485 137 30 28 -1 -1 -1 -1 
1488 77 412 216 70 66 -1 -1 -1 -1 
1489 70 485 137 30 28 -1 -1 -1 -1 
1490 77 424 211 62 61 -1 -1 -1 -1 
1491 70 487 137 29 27 -1 -1 -1 -1 
1491 77 432 209 60 53 -1 -1 -1 -1 
1492 70 487 137 29 27 -1 -1 -1 -1 
1493 77 439 203 55 50 -1 -1 -1 -1 
1494 77 450 199 48 46 -1 -1 -1 -1 
1495 77 450 199 48 46 -1 -1 -1 -1 
1496 77 457 195 46 43 -1 -1 -1 -1 
1497 70 490 136 28 27 -1 -1 -1 -1 
1497 77 462 193 42 39 -1 -1 -1 -1 
1498 70 490 136 28 27 -1 -1 -1 -1 
1498 77 469 188 38 38 -1 -1 -1 -1 
1499 70 490 136 28 27 -1 -1 -1 -1 
1499 77 469 188 38 38 -1 -1 -1 -1 
1500 70 491 136 28 27 -1 -1 -1 -1 
1500 77 472 185 38 37 -1 -1 -1 -1 
1501 70 492 136 27 27 -1 -1 -1 -1 
1501 77 477 182 35 33 -1 -1 -1 -1 
1502 70 492 136 27 27 -1 -1 -1 -1 
1502 77 477 182 35 33 -1 -1 -1 -1 
1503 70 492 135 28 27 -1 -1 -1 -1 
1503 77 482 181 31 31 -1 -1 -1 -1 
1504 70 493 133 28 29 -1 -1 -1 -1 
1504 77 485 179 29 29 -1 -1 -1 -1 
1505 70 493 133 28 29 -1 -1 -1 -1 
1505 77 485 179 29 29 -1 -1 -1 -1 
1506 70 494 134 27 27 -1 -1 -1 -1 
1506 77 489 176 28 27 -1 -1 -1 -1 
1507 70 494 134 27 27 -1 -1 -1 -1 
1508 70 496 133 26 27 -1 -1 -1 -1 
1508 77 494 171 27 27 -1 -1 -1 -1 
1509 70 496 133 26 27 -1 -1 -1 -1 
1509 77 494 171 27 27 -1 -1 -1 -1 
1510 70 496 133 26 26 -1 -1 -1 -1 
1510 77 498 170 25 24 -1 -1 -1 -1 
1511 70 496 133 26 26 -1 -1 -1 -1 
1511 77 498 170 25 24 -1 -1 -1 -1 
1512 70 496 133 27 26 -1 -1 -1 -1 
1512 77 498 169 25 24 -1 -1 -1 -1 
1513 70 497 133 26 25 -1 -1 -1 -1 
1513 77 501 168 24 22 -1 -1 -1 -1 
1514 70 497 133 26 25 -1 -1 -1 -1 
1515 77 504 166 21 22 -1 -1 -1 -1 
1516 77 506 164 21 21 -1 -1 -1 -1 
1517 77 506 164 21 21 -1 -1 -1 -1 
1518 77 509 162 20 21 -1 -1 -1 -1 
1519 77 510 162 20 20 -1 -1 -1 -1 
1520 77 510 162 20 20 -1 -1 -1 -1 
1521 77 511 162 20 19 -1 -1 -1 -1 
1522 77 512 160 20 18 -1 -1 -1 -1 
1523 77 512 160 20 18 -1 -1 -1 -1 
1524 77 513 158 22 19 -1 -1 -1 -1 
1525 77 516 158 19 18 -1 -1 -1 -1 
1526 77 516 158 19 18 -1 -1 -1 -1 
1527 77 517 156 19 18 -1 -1 -1 -1 
1528 77 519 156 17 17 -1 -1 -1 -1 
1529 77 519 156 17 17 -1 -1 -1 -1 
1530 77 520 156 16 15 -1 -1 -1 -1 
1531 70 506 130 21 24 -1 -1 -1 -1 
1531 77 521 154 17 16 -1 -1 -1 -1 
1532 70 506 130 21 24 -1 -1 -1 -1 
1532 77 521 154 17 16 -1 -1 -1 -1 
1533 70 506 130 21 24 -1 -1 -1 -1 
1534 70 507 129 21 24 -1 -1 -1 -1 
1534 77 523 152 14 15 -1 -1 -1 -1 
1540 70 508 129 21 23 -1 -1 -1 -1 
1589 70 508 129 21 23 -1 -1 -1 -1 
1593 81 1 335 96 109 -1 -1 -1 -1 
1594 81 0 316 128 137 -1 -1 -1 -1 
1595 81 0 305 159 122 -1 -1 -1 -1 
1596 81 0 305 159 122 -1 -1 -1 -1 
1597 81 10 292 179 113 -1 -1 -1 -1 
1598 81 47 289 166 102 -1 -1 -1 -1 
1599 81 79 275 156 95 -1 -1 -1 -1 
1600 81 79 275 156 95 -1 -1 -1 -1 
1601 81 110 266 145 90 -1 -1 -1 -1 
1602 81 140 259 135 82 -1 -1 -1 -1 
1603 81 140 259 135 82 -1 -1 -1 -1 
1604 81 164 251 126 82 -1 -1 -1 -1 
1604 82 4 265 313 214 -1 -1 -1 -1 
1605 81 164 251 126 82 -1 -1 -1 -1 
1605 82 4 265 313 214 -1 -1 -1 -1 
1606 81 196 240 110 68 -1 -1 -1 -1 
1606 82 5 245 353 233 -1 -1 -1 -1 
1607 81 196 240 110 68 -1 -1 -1 -1 
1608 82 1 198 401 280 -1 -1 -1 -1 
1609 82 1 198 401 280 -1 -1 -1 -1 
1610 82 0 193 418 282 -1 -1 -1 -1 
1616 82 2 156 491 323 -1 -1 -1 -1 
1617 77 576 147 17 12 -1 -1 -1 -1 
1617 82 1 157 499 322 -1 -1 -1 -1 
1618 77 576 147 17 12 -1 -1 -1 -1 
1618 82 1 157 499 322 -1 -1 -1 -1 
1619 77 576 149 16 11 -1 -1 -1 -1 
1619 82 0 152 505 326 -1 -1 -1 -1 
1620 77 576 149 16 11 -1 -1 -1 -1 
1620 82 10 148 521 331 -1 -1 -1 -1 
1621 82 86 146 463 333 -1 -1 -1 -1 
1622 82 86 146 463 333 -1 -1 -1 -1 
1623 82 164 143 362 327 -1 -1 -1 -1 
1624 82 218 142 313 283 -1 -1 -1 -1 
1625 82 218 142 313 283 -1 -1 -1 -1 
1626 77 579 150 17 15 -1 -1 -1 -1 
1626 82 252 139 295 259 -1 -1 -1 -1 
1626 84 128 230 134 112 -1 -1 -1 -1 
1627 77 577 151 19 15 -1 -1 -1 -1 
1627 82 283 136 272 247 -1 -1 -1 -1 
1627 84 157 229 135 97 -1 -1 -1 -1 
1628 77 577 151 19 15 -1 -1 -1 -1 
1628 82 283 136 272 247 -1 -1 -1 -1 
1628 84 157 229 135 97 -1 -1 -1 -1 
1629 77 578 151 18 16 -1 -1 -1 -1 
1629 82 312 135 237 225 -1 -1 -1 -1 
1629 84 183 228 128 88 -1 -1 -1 -1 
1630 77 579 152 18 16 -1 -1 -1 -1 
1630 82 333 130 217 213 -1 -1 -1 -1 
1630 84 206 219 120 84 -1 -1 -1 -1 
1631 77 579 153 18 16 -1 -1 -1 -1 
1631 82 354 133 191 188 -1 -1 -1 -1 
1631 84 228 213 112 80 -1 -1 -1 -1 
1632 77 579 153 18 16 -1 -1 -1 -1 
1632 82 354 133 191 188 -1 -1 -1 -1 
1632 84 228 213 112 80 -1 -1 -1 -1 
1633 77 580 153 18 17 -1 -1 -1 -1 
1633 82 368 134 169 172 -1 -1 -1 -1 
1633 84 248 210 101 73 -1 -1 -1 -1 
1634 77 580 155 18 15 -1 -1 -1 -1 
1634 82 382 135 141 156 -1 -1 -1 -1 
1634 84 265 205 93 72 -1 -1 -1 -1 
1635 77 580 155 18 15 -1 -1 -1 -1 
1635 82 382 135 141 156 -1 -1 -1 -1 
1635 84 265 205 93 72 -1 -1 -1 -1 
1636 77 580 155 17 18 -1 -1 -1 -1 
1636 82 399 132 131 149 -1 -1 -1 -1 
1636 84 280 198 88 71 -1 -1 -1 -1 
1637 77 582 156 16 17 -1 -1 -1 -1 
1637 82 404 134 134 137 -1 -1 -1 -1 
1637 84 292 195 86 67 -1 -1 -1 -1 
1638 77 582 156 16 17 -1 -1 -1 -1 
1638 82 404 134 134 137 -1 -1 -1 -1 
1638 84 292 195 86 67 -1 -1 -1 -1 
1639 77 581 156 18 19 -1 -1 -1 -1 
1639 82 416 135 115 126 -1 -1 -1 -1 
1639 84 308 196 75 62 -1 -1 -1 -1 
1640 77 582 160 17 18 -1 -1 -1 -1 
1640 82 422 128 115 126 -1 -1 -1 -1 
1640 84 319 191 75 63 -1 -1 -1 -1 
1641 77 583 162 16 19 -1 -1 -1 -1 
1641 82 428 127 111 121 -1 -1 -1 -1 
1641 84 330 187 69 60 -1 -1 -1 -1 
1642 77 583 162 16 19 -1 -1 -1 -1 
1642 82 428 127 111 121 -1 -1 -1 -1 
1642 84 330 187 69 60 -1 -1 -1 -1 
1643 77 583 164 16 17 -1 -1 -1 -1 
1643 82 433 128 103 111 -1 -1 -1 -1 
1643 84 340 185 64 58 -1 -1 -1 -1 
1644 77 585 164 16 18 -1 -1 -1 -1 
1644 82 442 132 92 101 -1 -1 -1 -1 
1644 84 348 182 63 58 -1 -1 -1 -1 
1645 77 584 164 17 21 -1 -1 -1 -1 
1645 82 446 135 87 94 -1 -1 -1 -1 
1645 84 358 180 59 59 -1 -1 -1 -1 
1646 77 584 164 17 21 -1 -1 -1 -1 
1646 82 446 135 87 94 -1 -1 -1 -1 
1646 84 358 180 59 59 -1 -1 -1 -1 
1647 77 585 166 17 21 -1 -1 -1 -1 
1647 82 452 134 79 93 -1 -1 -1 -1 
1647 84 365 178 57 56 -1 -1 -1 -1 
1648 77 585 171 17 18 -1 -1 -1 -1 
1648 82 458 132 74 91 -1 -1 -1 -1 
1648 84 373 177 53 49 -1 -1 -1 -1 
1649 77 586 174 18 18 -1 -1 -1 -1 
1649 82 460 130 74 94 -1 -1 -1 -1 
1649 84 379 174 51 50 -1 -1 -1 -1 
1649 86 445 163 22 24 -1 -1 -1 -1 
1650 77 586 174 18 18 -1 -1 -1 -1 
1650 82 460 130 74 94 -1 -1 -1 -1 
1650 84 379 174 51 50 -1 -1 -1 -1 
1650 86 445 163 22 24 -1 -1 -1 -1 
1651 77 586 174 19 20 -1 -1 -1 -1 
1651 82 460 128 75 95 -1 -1 -1 -1 
1651 84 386 172 50 49 -1 -1 -1 -1 
1651 86 448 162 22 23 -1 -1 -1 -1 
1652 77 587 178 19 19 -1 -1 -1 -1 
1652 82 465 128 67 92 -1 -1 -1 -1 
1652 84 390 171 50 47 -1 -1 -1 -1 
1652 86 451 161 22 23 -1 -1 -1 -1 
1653 77 587 179 21 20 -1 -1 -1 -1 
1653 82 473 128 66 87 -1 -1 -1 -1 
1653 84 398 171 46 43 -1 -1 -1 -1 
1653 86 453 160 23 22 -1 -1 -1 -1 
1654 77 587 179 21 20 -1 -1 -1 -1 
1654 82 473 128 66 87 -1 -1 -1 -1 
1654 84 398 171 46 43 -1 -1 -1 -1 
1654 86 453 160 23 22 -1 -1 -1 -1 
1655 77 588 180 20 22 -1 -1 -1 -1 
1655 82 476 130 61 78 -1 -1 -1 -1 
1655 84 404 171 43 41 -1 -1 -1 -1 
1655 86 455 160 23 21 -1 -1 -1 -1 
1656 77 590 178 19 27 -1 -1 -1 -1 
1656 82 477 130 60 81 -1 -1 -1 -1 
1656 84 409 164 42 45 -1 -1 -1 -1 
1656 86 457 159 24 22 -1 -1 -1 -1 
1657 77 590 178 19 27 -1 -1 -1 -1 
1657 82 477 130 60 81 -1 -1 -1 -1 
1657 84 409 164 42 45 -1 -1 -1 -1 
1657 86 457 159 24 22 -1 -1 -1 -1 
1658 77 590 181 20 27 -1 -1 -1 -1 
1658 82 480 129 59 78 -1 -1 -1 -1 
1658 84 414 161 41 44 -1 -1 -1 -1 
1658 86 461 157 23 21 -1 -1 -1 -1 
1659 77 591 171 21 42 -1 -1 -1 -1 
1659 82 481 129 59 74 -1 -1 -1 -1 
1659 84 418 159 40 44 -1 -1 -1 -1 
1659 86 462 157 24 20 -1 -1 -1 -1 
1660 77 594 184 24 36 -1 -1 -1 -1 
1660 82 487 131 56 69 -1 -1 -1 -1 
1660 84 426 159 38 42 -1 -1 -1 -1 
1660 86 465 157 24 19 -1 -1 -1 -1 
1661 77 594 184 24 36 -1 -1 -1 -1 
1661 82 487 131 56 69 -1 -1 -1 -1 
1661 84 426 159 38 42 -1 -1 -1 -1 
1661 86 465 157 24 19 -1 -1 -1 -1 
1661 88 487 132 55 68 -1 -1 -1 -1 
1662 77 595 189 26 34 -1 -1 -1 -1 
1662 82 488 131 54 66 -1 -1 -1 -1 
1662 84 430 159 37 39 -1 -1 -1 -1 
1662 86 467 157 23 18 -1 -1 -1 -1 
1662 88 488 132 52 63 -1 -1 -1 -1 
1662 89 429 159 37 38 -1 -1 -1 -1 
