4 2 461 169 28 27 -1 -1 -1 -1 
5 2 463 168 27 27 -1 -1 -1 -1 
6 2 465 167 28 26 -1 -1 -1 -1 
7 2 465 167 28 26 -1 -1 -1 -1 
8 2 468 165 27 26 -1 -1 -1 -1 
9 2 468 165 27 26 -1 -1 -1 -1 
10 2 470 165 27 23 -1 -1 -1 -1 
11 2 472 163 27 23 -1 -1 -1 -1 
12 2 472 163 27 23 -1 -1 -1 -1 
13 2 474 162 26 23 -1 -1 -1 -1 
14 2 474 162 26 23 -1 -1 -1 -1 
15 2 477 162 23 22 -1 -1 -1 -1 
16 2 478 161 23 21 -1 -1 -1 -1 
17 2 478 161 23 21 -1 -1 -1 -1 
18 2 481 160 21 21 -1 -1 -1 -1 
19 2 483 159 20 20 -1 -1 -1 -1 
20 2 484 158 20 20 -1 -1 -1 -1 
20 3 0 239 112 182 -1 -1 -1 -1 
21 2 485 158 21 19 -1 -1 -1 -1 
21 3 0 232 131 192 -1 -1 -1 -1 
22 2 485 158 21 19 -1 -1 -1 -1 
22 3 0 232 131 192 -1 -1 -1 -1 
23 2 487 157 20 18 -1 -1 -1 -1 
23 3 0 228 148 188 -1 -1 -1 -1 
24 2 489 155 20 19 -1 -1 -1 -1 
24 3 0 221 165 196 -1 -1 -1 -1 
25 2 490 155 19 18 -1 -1 -1 -1 
25 3 0 217 181 236 -1 -1 -1 -1 
26 2 490 155 19 18 -1 -1 -1 -1 
26 3 0 217 181 236 -1 -1 -1 -1 
27 2 491 154 18 18 -1 -1 -1 -1 
27 3 0 208 195 225 -1 -1 -1 -1 
28 2 493 153 18 18 -1 -1 -1 -1 
28 3 0 195 210 231 -1 -1 -1 -1 
29 2 494 153 18 17 -1 -1 -1 -1 
29 3 0 191 223 236 -1 -1 -1 -1 
30 2 494 153 18 17 -1 -1 -1 -1 
31 3 1 186 232 247 -1 -1 -1 -1 
32 2 497 151 16 17 -1 -1 -1 -1 
32 3 1 174 244 268 -1 -1 -1 -1 
33 2 498 151 15 16 -1 -1 -1 -1 
33 3 3 174 254 276 -1 -1 -1 -1 
34 2 499 150 15 16 -1 -1 -1 -1 
34 3 2 172 264 277 -1 -1 -1 -1 
35 2 500 149 15 17 -1 -1 -1 -1 
35 3 4 169 272 275 -1 -1 -1 -1 
36 2 500 149 15 17 -1 -1 -1 -1 
36 3 4 169 272 275 -1 -1 -1 -1 
37 2 501 149 15 15 -1 -1 -1 -1 
37 3 4 167 281 275 -1 -1 -1 -1 
38 2 502 149 15 14 -1 -1 -1 -1 
38 3 3 161 291 278 -1 -1 -1 -1 
39 2 503 149 14 14 -1 -1 -1 -1 
39 3 3 157 303 273 -1 -1 -1 -1 
40 2 504 148 14 14 -1 -1 -1 -1 
40 3 3 154 314 264 -1 -1 -1 -1 
41 2 504 148 14 14 -1 -1 -1 -1 
41 3 3 154 314 264 -1 -1 -1 -1 
42 2 504 148 14 14 -1 -1 -1 -1 
43 3 3 150 319 244 -1 -1 -1 -1 
44 3 18 149 315 233 -1 -1 -1 -1 
45 2 507 146 13 13 -1 -1 -1 -1 
45 3 38 150 298 224 -1 -1 -1 -1 
46 2 508 145 13 14 -1 -1 -1 -1 
46 3 59 148 287 214 -1 -1 -1 -1 
47 2 508 145 13 14 -1 -1 -1 -1 
48 3 79 147 274 207 -1 -1 -1 -1 
49 3 95 147 262 198 -1 -1 -1 -1 
50 3 111 144 251 193 -1 -1 -1 -1 
51 3 127 144 236 188 -1 -1 -1 -1 
52 3 127 144 236 188 -1 -1 -1 -1 
53 3 138 143 233 181 -1 -1 -1 -1 
54 3 154 142 218 174 -1 -1 -1 -1 
55 3 169 142 208 170 -1 -1 -1 -1 
56 3 181 142 203 163 -1 -1 -1 -1 
57 3 181 142 203 163 -1 -1 -1 -1 
58 3 192 140 200 161 -1 -1 -1 -1 
59 3 205 141 189 154 -1 -1 -1 -1 
60 3 215 139 181 151 -1 -1 -1 -1 
61 3 223 139 172 144 -1 -1 -1 -1 
62 3 223 139 172 144 -1 -1 -1 -1 
63 3 231 139 172 139 -1 -1 -1 -1 
64 3 232 138 170 135 -1 -1 -1 -1 
65 3 235 137 160 133 -1 -1 -1 -1 
66 3 244 138 163 129 -1 -1 -1 -1 
67 3 244 138 163 129 -1 -1 -1 -1 
68 3 270 136 134 128 -1 -1 -1 -1 
69 3 277 137 137 123 -1 -1 -1 -1 
70 3 284 137 133 118 -1 -1 -1 -1 
71 3 290 136 126 116 -1 -1 -1 -1 
72 3 290 136 126 116 -1 -1 -1 -1 
73 3 297 136 122 113 -1 -1 -1 -1 
74 3 303 136 114 109 -1 -1 -1 -1 
75 3 309 136 113 107 -1 -1 -1 -1 
76 3 315 135 112 107 -1 -1 -1 -1 
77 3 322 134 108 104 -1 -1 -1 -1 
78 3 327 133 99 103 -1 -1 -1 -1 
79 3 327 133 99 103 -1 -1 -1 -1 
80 3 331 134 104 99 -1 -1 -1 -1 
81 3 335 135 99 96 -1 -1 -1 -1 
82 3 341 135 95 94 -1 -1 -1 -1 
83 3 347 134 93 93 -1 -1 -1 -1 
84 3 347 134 93 93 -1 -1 -1 -1 
85 3 350 134 89 91 -1 -1 -1 -1 
86 3 355 133 84 91 -1 -1 -1 -1 
87 3 358 134 85 89 -1 -1 -1 -1 
87 6 195 336 181 141 -1 -1 -1 -1 
88 3 360 133 86 88 -1 -1 -1 -1 
88 6 252 306 151 129 -1 -1 -1 -1 
89 3 366 132 86 87 -1 -1 -1 -1 
89 6 295 281 129 113 -1 -1 -1 -1 
90 3 370 131 82 88 -1 -1 -1 -1 
90 6 330 260 110 102 -1 -1 -1 -1 
90 9 330 260 110 103 -1 -1 -1 -1 
91 3 373 131 82 85 -1 -1 -1 -1 
91 6 359 247 94 90 -1 -1 -1 -1 
92 3 377 132 78 81 -1 -1 -1 -1 
92 6 382 232 81 84 -1 -1 -1 -1 
93 3 380 132 79 79 -1 -1 -1 -1 
93 6 399 225 74 74 -1 -1 -1 -1 
94 3 384 131 77 78 -1 -1 -1 -1 
94 6 414 219 67 65 -1 -1 -1 -1 
95 3 387 131 74 76 -1 -1 -1 -1 
95 6 427 210 61 61 -1 -1 -1 -1 
95 11 582 173 17 16 -1 -1 -1 -1 
96 3 389 131 73 75 -1 -1 -1 -1 
96 6 437 204 56 55 -1 -1 -1 -1 
96 11 583 173 16 18 -1 -1 -1 -1 
97 3 392 129 68 76 -1 -1 -1 -1 
97 6 447 200 51 52 -1 -1 -1 -1 
97 11 584 174 16 18 -1 -1 -1 -1 
98 3 394 129 67 76 -1 -1 -1 -1 
98 6 447 200 51 52 -1 -1 -1 -1 
98 11 584 174 17 21 -1 -1 -1 -1 
99 3 397 130 66 75 -1 -1 -1 -1 
99 11 584 175 18 22 -1 -1 -1 -1 
100 3 399 131 67 71 -1 -1 -1 -1 
100 11 585 178 19 21 -1 -1 -1 -1 
100 12 468 186 41 43 -1 -1 -1 -1 
101 3 403 131 65 70 -1 -1 -1 -1 
101 11 585 179 20 23 -1 -1 -1 -1 
101 12 473 183 38 40 -1 -1 -1 -1 
102 3 406 130 64 70 -1 -1 -1 -1 
102 11 586 179 21 25 -1 -1 -1 -1 
102 12 478 182 36 35 -1 -1 -1 -1 
103 3 408 130 63 69 -1 -1 -1 -1 
103 11 586 180 22 27 -1 -1 -1 -1 
103 12 483 177 33 35 -1 -1 -1 -1 
104 3 411 129 63 71 -1 -1 -1 -1 
104 11 587 180 22 29 -1 -1 -1 -1 
104 12 487 178 30 31 -1 -1 -1 -1 
105 3 413 129 62 70 -1 -1 -1 -1 
105 11 588 182 22 30 -1 -1 -1 -1 
105 12 492 175 27 29 -1 -1 -1 -1 
106 3 414 129 63 66 -1 -1 -1 -1 
106 11 588 188 23 27 -1 -1 -1 -1 
106 12 494 171 28 29 -1 -1 -1 -1 
107 3 416 129 62 66 -1 -1 -1 -1 
107 11 589 190 25 29 -1 -1 -1 -1 
107 12 497 170 26 28 -1 -1 -1 -1 
108 3 418 130 61 65 -1 -1 -1 -1 
108 11 590 190 26 33 -1 -1 -1 -1 
108 12 499 169 25 25 -1 -1 -1 -1 
109 3 420 130 61 64 -1 -1 -1 -1 
109 11 591 191 27 36 -1 -1 -1 -1 
109 12 503 166 22 25 -1 -1 -1 -1 
110 3 422 129 60 65 -1 -1 -1 -1 
110 11 592 197 28 35 -1 -1 -1 -1 
110 12 505 164 23 25 -1 -1 -1 -1 
111 3 425 129 58 63 -1 -1 -1 -1 
111 11 595 199 28 36 -1 -1 -1 -1 
111 12 507 162 24 24 -1 -1 -1 -1 
112 3 427 129 55 62 -1 -1 -1 -1 
112 11 595 203 29 39 -1 -1 -1 -1 
112 12 510 161 21 23 -1 -1 -1 -1 
113 3 429 128 54 62 -1 -1 -1 -1 
113 11 596 206 31 40 -1 -1 -1 -1 
113 12 511 161 20 21 -1 -1 -1 -1 
114 3 431 127 54 60 -1 -1 -1 -1 
114 11 599 214 34 45 -1 -1 -1 -1 
114 12 513 158 21 20 -1 -1 -1 -1 
115 3 434 128 53 57 -1 -1 -1 -1 
115 11 603 224 36 55 -1 -1 -1 -1 
115 12 517 156 18 19 -1 -1 -1 -1 
115 13 606 169 16 22 -1 -1 -1 -1 
116 3 437 129 50 55 -1 -1 -1 -1 
116 11 603 230 36 59 -1 -1 -1 -1 
116 12 519 155 17 18 -1 -1 -1 -1 
116 13 607 172 16 19 -1 -1 -1 -1 
117 3 438 129 50 55 -1 -1 -1 -1 
117 11 605 237 34 63 -1 -1 -1 -1 
117 12 520 153 16 18 -1 -1 -1 -1 
117 13 607 175 16 17 -1 -1 -1 -1 
118 3 440 129 49 56 -1 -1 -1 -1 
118 11 609 242 30 68 -1 -1 -1 -1 
118 12 521 151 16 19 -1 -1 -1 -1 
118 13 607 173 17 20 -1 -1 -1 -1 
119 3 442 129 48 55 -1 -1 -1 -1 
119 11 611 252 28 71 -1 -1 -1 -1 
119 12 522 151 16 19 -1 -1 -1 -1 
119 13 607 173 17 20 -1 -1 -1 -1 
120 3 442 128 50 56 -1 -1 -1 -1 
120 11 611 252 28 71 -1 -1 -1 -1 
120 12 522 150 17 18 -1 -1 -1 -1 
121 3 442 128 50 56 -1 -1 -1 -1 
122 15 444 128 48 54 -1 -1 -1 -1 
123 15 447 129 47 53 -1 -1 -1 -1 
124 15 448 129 46 52 -1 -1 -1 -1 
125 15 450 128 45 52 -1 -1 -1 -1 
126 15 451 128 46 52 -1 -1 -1 -1 
127 15 452 127 46 52 -1 -1 -1 -1 
127 16 615 178 23 30 -1 -1 -1 -1 
128 15 452 127 46 52 -1 -1 -1 -1 
128 16 615 178 23 30 -1 -1 -1 -1 
129 15 453 127 45 52 -1 -1 -1 -1 
130 15 454 128 44 50 -1 -1 -1 -1 
131 15 456 128 43 49 -1 -1 -1 -1 
132 15 455 127 45 49 -1 -1 -1 -1 
133 15 455 128 46 47 -1 -1 -1 -1 
133 17 622 184 17 31 -1 -1 -1 -1 
134 15 457 128 45 47 -1 -1 -1 -1 
134 17 623 186 16 31 -1 -1 -1 -1 
135 15 458 129 45 45 -1 -1 -1 -1 
135 17 623 187 16 32 -1 -1 -1 -1 
136 15 458 129 45 45 -1 -1 -1 -1 
136 17 623 187 16 32 -1 -1 -1 -1 
137 15 460 129 43 45 -1 -1 -1 -1 
138 15 462 129 40 45 -1 -1 -1 -1 
139 15 464 130 38 43 -1 -1 -1 -1 
140 15 465 129 38 44 -1 -1 -1 -1 
141 15 466 130 37 42 -1 -1 -1 -1 
142 15 466 130 37 42 -1 -1 -1 -1 
143 15 468 130 35 42 -1 -1 -1 -1 
144 15 469 130 35 42 -1 -1 -1 -1 
145 15 470 130 35 41 -1 -1 -1 -1 
146 15 471 129 35 42 -1 -1 -1 -1 
147 15 472 130 35 41 -1 -1 -1 -1 
148 15 473 130 34 40 -1 -1 -1 -1 
149 15 471 129 35 41 -1 -1 -1 -1 
150 15 470 129 37 42 -1 -1 -1 -1 
151 15 472 129 35 41 -1 -1 -1 -1 
152 15 473 129 35 41 -1 -1 -1 -1 
153 15 474 129 34 40 -1 -1 -1 -1 
154 15 474 128 35 41 -1 -1 -1 -1 
155 15 476 129 34 38 -1 -1 -1 -1 
156 15 477 128 34 38 -1 -1 -1 -1 
157 15 479 128 32 38 -1 -1 -1 -1 
158 15 481 128 31 37 -1 -1 -1 -1 
158 18 595 156 13 13 -1 -1 -1 -1 
159 15 482 129 30 36 -1 -1 -1 -1 
159 18 595 157 13 12 -1 -1 -1 -1 
160 15 482 129 30 36 -1 -1 -1 -1 
160 18 596 157 12 13 -1 -1 -1 -1 
161 15 482 128 31 37 -1 -1 -1 -1 
161 18 596 157 13 13 -1 -1 -1 -1 
162 15 483 128 30 36 -1 -1 -1 -1 
162 18 596 158 13 13 -1 -1 -1 -1 
163 15 483 128 30 35 -1 -1 -1 -1 
164 15 484 128 30 35 -1 -1 -1 -1 
165 15 485 128 29 34 -1 -1 -1 -1 
166 15 486 127 28 36 -1 -1 -1 -1 
167 15 487 128 27 34 -1 -1 -1 -1 
168 15 487 128 28 34 -1 -1 -1 -1 
169 15 488 127 27 35 -1 -1 -1 -1 
170 15 489 127 27 35 -1 -1 -1 -1 
171 15 489 127 28 35 -1 -1 -1 -1 
172 15 489 127 29 35 -1 -1 -1 -1 
173 15 490 128 28 34 -1 -1 -1 -1 
173 18 601 168 15 13 -1 -1 -1 -1 
174 15 490 127 29 34 -1 -1 -1 -1 
174 18 601 168 15 14 -1 -1 -1 -1 
175 15 491 127 28 34 -1 -1 -1 -1 
175 18 602 168 15 14 -1 -1 -1 -1 
176 15 491 127 29 34 -1 -1 -1 -1 
176 18 602 169 15 14 -1 -1 -1 -1 
177 15 492 127 28 34 -1 -1 -1 -1 
177 18 603 171 15 14 -1 -1 -1 -1 
178 15 492 127 28 34 -1 -1 -1 -1 
179 18 605 170 16 16 -1 -1 -1 -1 
180 18 605 170 16 17 -1 -1 -1 -1 
181 15 494 127 27 32 -1 -1 -1 -1 
181 18 606 172 16 17 -1 -1 -1 -1 
182 15 495 127 27 32 -1 -1 -1 -1 
182 18 607 172 15 18 -1 -1 -1 -1 
183 15 495 127 27 31 -1 -1 -1 -1 
183 18 607 174 16 17 -1 -1 -1 -1 
184 15 495 128 27 30 -1 -1 -1 -1 
184 18 608 175 16 17 -1 -1 -1 -1 
185 15 497 127 25 30 -1 -1 -1 -1 
185 18 608 175 18 18 -1 -1 -1 -1 
186 15 497 127 25 30 -1 -1 -1 -1 
186 18 608 176 18 19 -1 -1 -1 -1 
187 15 497 127 25 30 -1 -1 -1 -1 
188 15 497 126 25 31 -1 -1 -1 -1 
188 18 610 178 18 20 -1 -1 -1 -1 
189 15 497 126 25 31 -1 -1 -1 -1 
189 18 611 178 19 22 -1 -1 -1 -1 
190 15 498 126 24 31 -1 -1 -1 -1 
190 18 612 181 20 21 -1 -1 -1 -1 
191 15 499 126 24 31 -1 -1 -1 -1 
191 18 615 180 19 23 -1 -1 -1 -1 
192 15 500 127 23 29 -1 -1 -1 -1 
192 18 615 181 20 23 -1 -1 -1 -1 
192 19 151 362 211 115 -1 -1 -1 -1 
193 15 500 127 24 29 -1 -1 -1 -1 
193 18 617 184 19 22 -1 -1 -1 -1 
193 19 210 335 182 142 -1 -1 -1 -1 
194 15 501 126 23 30 -1 -1 -1 -1 
194 18 617 186 20 22 -1 -1 -1 -1 
194 19 255 308 157 129 -1 -1 -1 -1 
195 15 501 126 23 30 -1 -1 -1 -1 
195 18 617 186 21 24 -1 -1 -1 -1 
195 19 295 286 133 117 -1 -1 -1 -1 
196 15 501 126 24 29 -1 -1 -1 -1 
196 18 619 187 20 25 -1 -1 -1 -1 
196 19 321 269 122 106 -1 -1 -1 -1 
196 20 323 270 120 106 -1 -1 -1 -1 
197 15 502 127 23 28 -1 -1 -1 -1 
197 18 620 188 19 26 -1 -1 -1 -1 
197 19 348 258 108 93 -1 -1 -1 -1 
197 20 349 258 106 93 -1 -1 -1 -1 
198 15 502 127 23 27 -1 -1 -1 -1 
198 18 622 189 17 26 -1 -1 -1 -1 
198 19 370 249 95 80 -1 -1 -1 -1 
198 20 369 249 95 80 -1 -1 -1 -1 
199 15 504 126 21 29 -1 -1 -1 -1 
199 18 623 192 16 26 -1 -1 -1 -1 
199 19 370 249 95 80 -1 -1 -1 -1 
200 15 504 126 21 29 -1 -1 -1 -1 
200 18 624 193 15 26 -1 -1 -1 -1 
200 20 401 231 79 69 -1 -1 -1 -1 
201 15 505 125 21 30 -1 -1 -1 -1 
201 18 625 194 14 27 -1 -1 -1 -1 
201 20 413 225 73 60 -1 -1 -1 -1 
202 15 505 125 22 29 -1 -1 -1 -1 
202 18 627 196 12 26 -1 -1 -1 -1 
202 20 426 216 65 60 -1 -1 -1 -1 
203 15 505 124 21 30 -1 -1 -1 -1 
203 18 628 198 11 27 -1 -1 -1 -1 
203 20 433 211 63 58 -1 -1 -1 -1 
204 15 506 124 21 29 -1 -1 -1 -1 
204 18 628 198 11 27 -1 -1 -1 -1 
205 15 506 124 21 29 -1 -1 -1 -1 
205 20 450 206 52 46 -1 -1 -1 -1 
206 15 507 124 20 28 -1 -1 -1 -1 
206 20 457 200 48 47 -1 -1 -1 -1 
207 15 507 124 21 28 -1 -1 -1 -1 
207 20 465 195 42 43 -1 -1 -1 -1 
208 15 507 123 21 29 -1 -1 -1 -1 
208 20 469 191 40 42 -1 -1 -1 -1 
209 15 508 124 20 27 -1 -1 -1 -1 
209 20 473 188 38 41 -1 -1 -1 -1 
210 15 508 123 21 28 -1 -1 -1 -1 
210 20 477 186 38 39 -1 -1 -1 -1 
211 15 509 123 20 27 -1 -1 -1 -1 
211 20 481 185 35 35 -1 -1 -1 -1 
212 15 509 123 21 27 -1 -1 -1 -1 
212 20 485 182 32 33 -1 -1 -1 -1 
213 15 509 123 20 27 -1 -1 -1 -1 
213 20 488 181 31 31 -1 -1 -1 -1 
214 15 509 123 20 27 -1 -1 -1 -1 
215 20 494 175 29 30 -1 -1 -1 -1 
216 20 496 172 28 29 -1 -1 -1 -1 
217 20 497 172 29 27 -1 -1 -1 -1 
218 20 501 171 26 24 -1 -1 -1 -1 
219 20 503 168 26 24 -1 -1 -1 -1 
220 20 505 166 25 25 -1 -1 -1 -1 
221 20 508 164 24 26 -1 -1 -1 -1 
222 20 509 164 24 24 -1 -1 -1 -1 
223 20 510 163 24 23 -1 -1 -1 -1 
224 20 512 162 22 22 -1 -1 -1 -1 
225 20 513 161 21 21 -1 -1 -1 -1 
226 20 515 160 20 20 -1 -1 -1 -1 
227 20 517 160 18 19 -1 -1 -1 -1 
228 20 516 160 19 18 -1 -1 -1 -1 
229 20 517 159 20 18 -1 -1 -1 -1 
230 20 520 157 20 19 -1 -1 -1 -1 
231 20 521 155 19 19 -1 -1 -1 -1 
232 20 522 154 18 19 -1 -1 -1 -1 
236 20 525 153 17 16 -1 -1 -1 -1 
237 20 526 152 16 15 -1 -1 -1 -1 
238 20 527 151 16 16 -1 -1 -1 -1 
239 20 527 150 16 16 -1 -1 -1 -1 
308 20 527 150 16 16 -1 -1 -1 -1 
310 23 578 147 12 13 -1 -1 -1 -1 
311 23 578 147 12 13 -1 -1 -1 -1 
312 23 578 148 12 13 -1 -1 -1 -1 
313 23 578 148 12 13 -1 -1 -1 -1 
314 23 579 148 11 13 -1 -1 -1 -1 
315 23 579 149 11 13 -1 -1 -1 -1 
316 23 579 149 11 13 -1 -1 -1 -1 
323 23 578 151 14 17 -1 -1 -1 -1 
324 23 578 151 14 17 -1 -1 -1 -1 
328 23 578 153 15 16 -1 -1 -1 -1 
338 23 582 161 14 15 -1 -1 -1 -1 
339 23 582 162 15 16 -1 -1 -1 -1 
340 23 582 162 15 16 -1 -1 -1 -1 
341 23 582 163 15 16 -1 -1 -1 -1 
342 23 582 163 15 16 -1 -1 -1 -1 
343 23 583 164 15 16 -1 -1 -1 -1 
344 23 584 166 14 14 -1 -1 -1 -1 
345 23 584 166 14 14 -1 -1 -1 -1 
346 23 584 165 15 16 -1 -1 -1 -1 
347 23 584 166 15 17 -1 -1 -1 -1 
348 23 584 165 16 19 -1 -1 -1 -1 
349 23 584 165 16 19 -1 -1 -1 -1 
350 23 584 164 16 22 -1 -1 -1 -1 
351 23 585 164 16 26 -1 -1 -1 -1 
352 23 585 164 16 26 -1 -1 -1 -1 
353 23 586 171 17 19 -1 -1 -1 -1 
354 23 586 171 17 19 -1 -1 -1 -1 
355 23 587 172 16 20 -1 -1 -1 -1 
356 23 587 175 17 19 -1 -1 -1 -1 
357 23 587 175 17 19 -1 -1 -1 -1 
358 23 588 178 18 19 -1 -1 -1 -1 
359 23 588 181 19 17 -1 -1 -1 -1 
360 23 588 181 19 17 -1 -1 -1 -1 
361 23 588 183 20 18 -1 -1 -1 -1 
362 23 589 182 20 21 -1 -1 -1 -1 
363 23 589 182 20 21 -1 -1 -1 -1 
364 23 589 182 21 23 -1 -1 -1 -1 
364 24 585 165 13 14 -1 -1 -1 -1 
365 23 590 184 20 23 -1 -1 -1 -1 
365 24 585 166 14 14 -1 -1 -1 -1 
366 23 590 183 22 27 -1 -1 -1 -1 
366 24 585 167 14 14 -1 -1 -1 -1 
367 23 590 183 22 27 -1 -1 -1 -1 
367 24 585 167 14 14 -1 -1 -1 -1 
368 23 592 184 21 29 -1 -1 -1 -1 
368 24 586 168 13 14 -1 -1 -1 -1 
369 23 592 184 21 29 -1 -1 -1 -1 
370 24 585 168 15 17 -1 -1 -1 -1 
371 24 585 168 15 17 -1 -1 -1 -1 
372 24 586 168 15 19 -1 -1 -1 -1 
373 24 586 169 15 20 -1 -1 -1 -1 
374 24 586 173 17 17 -1 -1 -1 -1 
374 26 86 371 196 108 -1 -1 -1 -1 
375 24 587 175 17 17 -1 -1 -1 -1 
375 26 144 344 171 128 -1 -1 -1 -1 
375 27 598 200 28 35 -1 -1 -1 -1 
376 24 587 175 17 17 -1 -1 -1 -1 
376 26 144 344 171 128 -1 -1 -1 -1 
376 27 598 200 28 35 -1 -1 -1 -1 
377 24 587 176 18 17 -1 -1 -1 -1 
377 26 192 320 150 116 -1 -1 -1 -1 
377 27 600 204 29 37 -1 -1 -1 -1 
378 24 588 177 18 18 -1 -1 -1 -1 
378 26 231 301 135 106 -1 -1 -1 -1 
378 27 601 207 29 36 -1 -1 -1 -1 
379 24 588 179 19 19 -1 -1 -1 -1 
379 26 266 283 119 99 -1 -1 -1 -1 
379 27 602 212 32 41 -1 -1 -1 -1 
380 24 588 179 19 19 -1 -1 -1 -1 
380 26 266 283 119 99 -1 -1 -1 -1 
380 27 602 212 32 41 -1 -1 -1 -1 
381 24 588 180 20 21 -1 -1 -1 -1 
381 26 295 269 106 89 -1 -1 -1 -1 
381 27 603 213 35 45 -1 -1 -1 -1 
382 24 589 181 20 22 -1 -1 -1 -1 
382 26 321 256 96 82 -1 -1 -1 -1 
383 24 589 181 20 22 -1 -1 -1 -1 
383 26 321 256 96 82 -1 -1 -1 -1 
384 24 589 182 21 23 -1 -1 -1 -1 
384 26 343 250 85 70 -1 -1 -1 -1 
385 24 589 183 21 25 -1 -1 -1 -1 
385 26 361 239 78 67 -1 -1 -1 -1 
386 23 593 153 13 13 -1 -1 -1 -1 
386 24 591 186 20 24 -1 -1 -1 -1 
386 26 377 231 70 62 -1 -1 -1 -1 
386 29 610 232 29 60 -1 -1 -1 -1 
387 23 593 153 13 13 -1 -1 -1 -1 
387 24 591 186 20 24 -1 -1 -1 -1 
387 26 377 231 70 62 -1 -1 -1 -1 
387 29 610 232 29 60 -1 -1 -1 -1 
388 23 593 153 13 13 -1 -1 -1 -1 
388 24 592 187 20 26 -1 -1 -1 -1 
388 26 389 225 68 55 -1 -1 -1 -1 
389 24 593 189 21 27 -1 -1 -1 -1 
389 26 401 221 63 50 -1 -1 -1 -1 
390 24 593 189 21 27 -1 -1 -1 -1 
390 26 401 221 63 50 -1 -1 -1 -1 
391 23 594 155 13 14 -1 -1 -1 -1 
391 24 592 192 25 28 -1 -1 -1 -1 
391 26 411 215 60 48 -1 -1 -1 -1 
392 23 595 156 12 14 -1 -1 -1 -1 
392 24 593 196 26 28 -1 -1 -1 -1 
392 26 421 212 55 43 -1 -1 -1 -1 
393 23 595 156 12 14 -1 -1 -1 -1 
393 24 593 196 26 28 -1 -1 -1 -1 
393 26 421 212 55 43 -1 -1 -1 -1 
394 23 595 156 12 14 -1 -1 -1 -1 
394 24 595 197 26 32 -1 -1 -1 -1 
394 26 430 207 50 41 -1 -1 -1 -1 
395 23 595 157 13 13 -1 -1 -1 -1 
395 24 596 199 26 33 -1 -1 -1 -1 
395 26 436 205 50 37 -1 -1 -1 -1 
396 23 595 157 13 13 -1 -1 -1 -1 
396 24 596 199 26 33 -1 -1 -1 -1 
396 26 436 205 50 37 -1 -1 -1 -1 
396 31 16 367 225 109 -1 -1 -1 -1 
397 23 596 157 12 14 -1 -1 -1 -1 
397 24 596 201 27 34 -1 -1 -1 -1 
397 26 444 199 45 38 -1 -1 -1 -1 
397 31 95 335 190 140 -1 -1 -1 -1 
398 23 596 157 12 14 -1 -1 -1 -1 
398 24 596 201 27 34 -1 -1 -1 -1 
398 26 444 199 45 38 -1 -1 -1 -1 
398 31 95 335 190 140 -1 -1 -1 -1 
399 23 596 157 12 14 -1 -1 -1 -1 
399 24 598 205 27 36 -1 -1 -1 -1 
399 26 450 197 43 34 -1 -1 -1 -1 
400 24 599 209 30 36 -1 -1 -1 -1 
400 26 457 192 40 34 -1 -1 -1 -1 
400 31 209 282 137 108 -1 -1 -1 -1 
401 24 600 212 32 40 -1 -1 -1 -1 
401 26 461 191 38 31 -1 -1 -1 -1 
401 31 251 264 119 98 -1 -1 -1 -1 
402 24 600 212 32 40 -1 -1 -1 -1 
402 26 461 191 38 31 -1 -1 -1 -1 
402 31 251 264 119 98 -1 -1 -1 -1 
403 24 600 215 34 44 -1 -1 -1 -1 
403 26 465 187 37 31 -1 -1 -1 -1 
403 31 285 251 102 83 -1 -1 -1 -1 
404 24 601 221 36 45 -1 -1 -1 -1 
404 26 470 187 34 28 -1 -1 -1 -1 
404 31 312 236 90 76 -1 -1 -1 -1 
405 24 603 226 36 48 -1 -1 -1 -1 
405 26 474 183 33 27 -1 -1 -1 -1 
405 31 336 227 79 68 -1 -1 -1 -1 
406 24 603 226 36 48 -1 -1 -1 -1 
406 26 474 183 33 27 -1 -1 -1 -1 
406 31 336 227 79 68 -1 -1 -1 -1 
407 24 605 229 34 53 -1 -1 -1 -1 
407 26 476 182 32 25 -1 -1 -1 -1 
407 31 355 221 70 58 -1 -1 -1 -1 
408 24 605 234 34 59 -1 -1 -1 -1 
408 26 480 179 31 26 -1 -1 -1 -1 
408 31 370 211 66 57 -1 -1 -1 -1 
409 23 598 165 14 15 -1 -1 -1 -1 
409 24 610 241 29 61 -1 -1 -1 -1 
409 26 484 177 29 24 -1 -1 -1 -1 
409 31 385 204 59 50 -1 -1 -1 -1 
410 23 598 165 14 15 -1 -1 -1 -1 
410 24 611 248 28 69 -1 -1 -1 -1 
410 26 486 173 28 26 -1 -1 -1 -1 
411 24 611 248 28 69 -1 -1 -1 -1 
411 26 486 173 28 26 -1 -1 -1 -1 
411 31 395 199 56 47 -1 -1 -1 -1 
412 23 599 167 15 14 -1 -1 -1 -1 
412 24 611 248 28 69 -1 -1 -1 -1 
412 26 489 173 27 23 -1 -1 -1 -1 
413 23 600 168 15 13 -1 -1 -1 -1 
413 26 493 172 24 21 -1 -1 -1 -1 
413 31 415 189 48 40 -1 -1 -1 -1 
414 23 600 168 16 14 -1 -1 -1 -1 
414 26 495 169 25 22 -1 -1 -1 -1 
414 31 415 189 48 40 -1 -1 -1 -1 
415 23 601 167 16 15 -1 -1 -1 -1 
415 26 497 169 24 21 -1 -1 -1 -1 
415 32 431 183 38 34 -1 -1 -1 -1 
416 23 601 167 16 15 -1 -1 -1 -1 
416 26 497 169 24 21 -1 -1 -1 -1 
416 32 431 183 38 34 -1 -1 -1 -1 
417 23 603 168 15 16 -1 -1 -1 -1 
417 26 498 168 24 20 -1 -1 -1 -1 
417 32 437 179 37 32 -1 -1 -1 -1 
418 23 604 168 15 16 -1 -1 -1 -1 
418 26 499 167 24 18 -1 -1 -1 -1 
418 32 442 178 33 29 -1 -1 -1 -1 
419 23 604 169 15 17 -1 -1 -1 -1 
419 26 503 165 22 19 -1 -1 -1 -1 
419 32 449 176 32 27 -1 -1 -1 -1 
420 23 604 169 15 17 -1 -1 -1 -1 
420 26 503 165 22 19 -1 -1 -1 -1 
420 32 449 176 32 27 -1 -1 -1 -1 
421 23 506 165 20 16 -1 -1 -1 -1 
421 26 503 165 22 19 -1 -1 -1 -1 
421 32 452 172 32 26 -1 -1 -1 -1 
422 23 605 170 16 18 -1 -1 -1 -1 
422 26 508 162 19 19 -1 -1 -1 -1 
422 32 457 170 30 26 -1 -1 -1 -1 
423 23 605 170 16 18 -1 -1 -1 -1 
423 26 508 162 19 19 -1 -1 -1 -1 
423 32 457 170 30 26 -1 -1 -1 -1 
424 23 606 171 15 19 -1 -1 -1 -1 
424 26 509 162 19 17 -1 -1 -1 -1 
424 32 460 167 29 25 -1 -1 -1 -1 
425 23 606 172 16 20 -1 -1 -1 -1 
425 26 510 160 20 18 -1 -1 -1 -1 
425 32 464 166 27 24 -1 -1 -1 -1 
426 23 607 173 16 19 -1 -1 -1 -1 
426 26 512 160 18 17 -1 -1 -1 -1 
426 32 467 164 27 22 -1 -1 -1 -1 
427 23 607 173 16 19 -1 -1 -1 -1 
427 26 512 160 18 17 -1 -1 -1 -1 
427 32 467 164 27 22 -1 -1 -1 -1 
428 23 607 174 17 20 -1 -1 -1 -1 
428 26 513 159 19 16 -1 -1 -1 -1 
428 32 471 162 26 22 -1 -1 -1 -1 
429 23 608 175 18 21 -1 -1 -1 -1 
429 26 513 159 20 15 -1 -1 -1 -1 
429 32 474 160 25 21 -1 -1 -1 -1 
430 23 608 175 18 21 -1 -1 -1 -1 
430 26 513 159 20 15 -1 -1 -1 -1 
430 32 474 160 25 21 -1 -1 -1 -1 
431 23 608 175 18 22 -1 -1 -1 -1 
431 26 516 158 18 16 -1 -1 -1 -1 
431 32 477 159 22 21 -1 -1 -1 -1 
432 23 609 176 18 23 -1 -1 -1 -1 
432 26 518 157 16 15 -1 -1 -1 -1 
432 32 480 158 21 19 -1 -1 -1 -1 
433 23 609 176 18 23 -1 -1 -1 -1 
433 26 518 157 16 15 -1 -1 -1 -1 
433 32 480 158 21 19 -1 -1 -1 -1 
434 23 609 178 20 22 -1 -1 -1 -1 
434 26 519 158 16 13 -1 -1 -1 -1 
434 32 483 158 20 17 -1 -1 -1 -1 
435 23 610 179 21 23 -1 -1 -1 -1 
435 26 520 157 16 13 -1 -1 -1 -1 
435 32 484 156 20 18 -1 -1 -1 -1 
436 23 613 181 18 22 -1 -1 -1 -1 
436 26 521 155 16 14 -1 -1 -1 -1 
436 32 488 155 18 16 -1 -1 -1 -1 
437 23 613 181 18 22 -1 -1 -1 -1 
437 26 521 155 16 14 -1 -1 -1 -1 
437 32 488 155 18 16 -1 -1 -1 -1 
438 23 614 182 19 23 -1 -1 -1 -1 
438 26 521 155 16 13 -1 -1 -1 -1 
438 32 489 154 20 16 -1 -1 -1 -1 
439 23 615 183 20 24 -1 -1 -1 -1 
439 26 522 153 15 14 -1 -1 -1 -1 
439 32 491 154 18 17 -1 -1 -1 -1 
440 23 615 183 20 24 -1 -1 -1 -1 
440 26 522 153 15 14 -1 -1 -1 -1 
440 32 491 154 18 17 -1 -1 -1 -1 
441 23 616 184 20 24 -1 -1 -1 -1 
441 26 523 151 15 15 -1 -1 -1 -1 
441 32 494 153 17 15 -1 -1 -1 -1 
442 23 617 184 21 27 -1 -1 -1 -1 
442 26 496 151 16 15 -1 -1 -1 -1 
443 23 617 184 21 27 -1 -1 -1 -1 
443 26 496 151 16 15 -1 -1 -1 -1 
444 23 618 186 21 27 -1 -1 -1 -1 
444 26 525 151 15 14 -1 -1 -1 -1 
444 32 497 150 16 16 -1 -1 -1 -1 
445 23 619 186 20 28 -1 -1 -1 -1 
445 26 525 150 16 14 -1 -1 -1 -1 
445 32 498 150 16 14 -1 -1 -1 -1 
446 23 619 186 20 28 -1 -1 -1 -1 
446 26 525 150 16 14 -1 -1 -1 -1 
446 32 498 150 16 14 -1 -1 -1 -1 
447 23 621 187 18 29 -1 -1 -1 -1 
447 26 526 150 15 13 -1 -1 -1 -1 
447 32 500 149 16 14 -1 -1 -1 -1 
448 23 622 190 17 28 -1 -1 -1 -1 
448 26 526 150 15 13 -1 -1 -1 -1 
449 23 622 190 17 28 -1 -1 -1 -1 
449 32 501 148 15 14 -1 -1 -1 -1 
450 23 623 192 16 28 -1 -1 -1 -1 
450 32 503 148 14 13 -1 -1 -1 -1 
451 23 625 193 14 29 -1 -1 -1 -1 
451 32 505 147 13 13 -1 -1 -1 -1 
452 23 625 193 14 29 -1 -1 -1 -1 
452 32 505 147 13 13 -1 -1 -1 -1 
453 23 626 195 13 29 -1 -1 -1 -1 
453 32 505 146 14 12 -1 -1 -1 -1 
454 23 627 196 12 30 -1 -1 -1 -1 
454 26 530 147 13 11 -1 -1 -1 -1 
454 32 507 145 14 13 -1 -1 -1 -1 
455 23 627 196 12 30 -1 -1 -1 -1 
456 26 508 143 14 13 -1 -1 -1 -1 
457 26 509 142 14 14 -1 -1 -1 -1 
458 26 509 142 14 14 -1 -1 -1 -1 
462 26 513 142 13 11 -1 -1 -1 -1 
500 26 513 142 13 11 -1 -1 -1 -1 
502 34 77 366 222 111 -1 -1 -1 -1 
503 34 146 335 190 141 -1 -1 -1 -1 
504 34 205 308 160 125 -1 -1 -1 -1 
505 34 205 308 160 125 -1 -1 -1 -1 
506 34 251 288 137 108 -1 -1 -1 -1 
507 34 286 269 120 94 -1 -1 -1 -1 
508 34 286 269 120 94 -1 -1 -1 -1 
509 34 319 254 103 87 -1 -1 -1 -1 
510 34 319 254 103 87 -1 -1 -1 -1 
511 34 346 243 89 79 -1 -1 -1 -1 
512 34 365 233 82 73 -1 -1 -1 -1 
513 34 365 233 82 73 -1 -1 -1 -1 
514 34 382 224 74 66 -1 -1 -1 -1 
515 34 395 217 70 60 -1 -1 -1 -1 
516 34 395 217 70 60 -1 -1 -1 -1 
517 34 408 212 65 58 -1 -1 -1 -1 
518 34 421 208 56 52 -1 -1 -1 -1 
519 34 421 208 56 52 -1 -1 -1 -1 
520 34 430 202 53 50 -1 -1 -1 -1 
521 34 437 197 51 47 -1 -1 -1 -1 
522 34 447 194 46 43 -1 -1 -1 -1 
523 34 447 194 46 43 -1 -1 -1 -1 
524 34 453 192 43 39 -1 -1 -1 -1 
525 34 453 192 43 39 -1 -1 -1 -1 
526 34 460 187 39 38 -1 -1 -1 -1 
527 34 464 185 38 35 -1 -1 -1 -1 
528 34 464 185 38 35 -1 -1 -1 -1 
529 34 469 182 35 35 -1 -1 -1 -1 
529 38 73 384 237 94 -1 -1 -1 -1 
530 34 474 179 33 32 -1 -1 -1 -1 
530 38 147 351 198 128 -1 -1 -1 -1 
531 34 474 179 33 32 -1 -1 -1 -1 
531 38 147 351 198 128 -1 -1 -1 -1 
532 34 477 177 30 32 -1 -1 -1 -1 
532 38 208 322 168 129 -1 -1 -1 -1 
533 34 477 177 30 32 -1 -1 -1 -1 
533 38 208 322 168 129 -1 -1 -1 -1 
534 34 481 175 30 28 -1 -1 -1 -1 
535 34 485 174 28 25 -1 -1 -1 -1 
536 34 485 174 28 25 -1 -1 -1 -1 
537 34 488 172 28 25 -1 -1 -1 -1 
537 39 326 259 107 89 -1 -1 -1 -1 
538 34 491 170 26 24 -1 -1 -1 -1 
538 39 353 248 94 79 -1 -1 -1 -1 
539 34 491 170 26 24 -1 -1 -1 -1 
539 39 353 248 94 79 -1 -1 -1 -1 
540 34 494 167 24 25 -1 -1 -1 -1 
540 39 374 237 82 71 -1 -1 -1 -1 
541 34 497 167 24 24 -1 -1 -1 -1 
541 39 391 228 75 66 -1 -1 -1 -1 
542 34 497 167 24 24 -1 -1 -1 -1 
542 39 391 228 75 66 -1 -1 -1 -1 
543 34 498 165 23 23 -1 -1 -1 -1 
543 39 408 219 66 61 -1 -1 -1 -1 
544 34 500 164 23 21 -1 -1 -1 -1 
544 39 417 213 63 57 -1 -1 -1 -1 
545 34 502 163 22 19 -1 -1 -1 -1 
545 39 429 206 55 53 -1 -1 -1 -1 
546 34 502 163 22 19 -1 -1 -1 -1 
546 39 429 206 55 53 -1 -1 -1 -1 
547 34 505 161 21 20 -1 -1 -1 -1 
547 39 437 204 52 46 -1 -1 -1 -1 
548 34 505 161 21 20 -1 -1 -1 -1 
548 39 437 204 52 46 -1 -1 -1 -1 
549 34 507 159 19 20 -1 -1 -1 -1 
549 39 446 197 48 46 -1 -1 -1 -1 
550 34 509 159 19 19 -1 -1 -1 -1 
550 39 454 195 44 41 -1 -1 -1 -1 
551 34 509 159 19 19 -1 -1 -1 -1 
551 39 454 195 44 41 -1 -1 -1 -1 
552 34 510 157 20 20 -1 -1 -1 -1 
552 39 460 191 40 39 -1 -1 -1 -1 
553 34 510 157 20 20 -1 -1 -1 -1 
553 39 460 191 40 39 -1 -1 -1 -1 
554 34 511 157 19 18 -1 -1 -1 -1 
554 39 466 186 37 39 -1 -1 -1 -1 
555 34 512 155 19 19 -1 -1 -1 -1 
555 39 471 184 35 34 -1 -1 -1 -1 
556 34 512 155 19 19 -1 -1 -1 -1 
556 39 471 184 35 34 -1 -1 -1 -1 
557 34 513 155 20 18 -1 -1 -1 -1 
557 39 473 182 36 31 -1 -1 -1 -1 
558 34 515 154 18 17 -1 -1 -1 -1 
558 39 478 179 33 30 -1 -1 -1 -1 
559 34 515 154 18 17 -1 -1 -1 -1 
559 39 478 179 33 30 -1 -1 -1 -1 
560 34 517 153 17 17 -1 -1 -1 -1 
560 39 482 175 31 31 -1 -1 -1 -1 
561 34 518 152 17 17 -1 -1 -1 -1 
561 39 485 173 30 29 -1 -1 -1 -1 
562 34 518 152 17 17 -1 -1 -1 -1 
562 39 485 173 30 29 -1 -1 -1 -1 
563 34 520 151 15 17 -1 -1 -1 -1 
563 39 490 172 25 26 -1 -1 -1 -1 
564 34 520 151 16 16 -1 -1 -1 -1 
564 39 491 169 28 27 -1 -1 -1 -1 
565 34 520 151 16 16 -1 -1 -1 -1 
565 39 491 169 28 27 -1 -1 -1 -1 
566 34 521 150 16 15 -1 -1 -1 -1 
566 39 494 167 26 27 -1 -1 -1 -1 
567 34 521 150 16 15 -1 -1 -1 -1 
567 39 494 167 26 27 -1 -1 -1 -1 
568 34 522 150 15 14 -1 -1 -1 -1 
568 39 497 167 24 25 -1 -1 -1 -1 
569 34 522 149 16 15 -1 -1 -1 -1 
569 39 499 165 24 24 -1 -1 -1 -1 
570 34 522 149 16 15 -1 -1 -1 -1 
570 39 499 165 24 24 -1 -1 -1 -1 
570 42 582 163 15 14 -1 -1 -1 -1 
571 34 523 149 15 13 -1 -1 -1 -1 
571 39 500 163 24 22 -1 -1 -1 -1 
571 42 583 165 15 14 -1 -1 -1 -1 
572 34 523 149 15 13 -1 -1 -1 -1 
572 39 500 163 24 22 -1 -1 -1 -1 
572 42 583 165 15 14 -1 -1 -1 -1 
573 34 525 149 15 12 -1 -1 -1 -1 
573 39 504 162 20 22 -1 -1 -1 -1 
573 42 584 167 14 13 -1 -1 -1 -1 
574 34 525 149 15 12 -1 -1 -1 -1 
574 39 506 161 20 20 -1 -1 -1 -1 
575 39 506 161 20 20 -1 -1 -1 -1 
575 42 584 167 15 14 -1 -1 -1 -1 
576 34 527 147 14 12 -1 -1 -1 -1 
576 39 508 159 19 20 -1 -1 -1 -1 
576 42 585 168 14 14 -1 -1 -1 -1 
577 34 528 146 14 12 -1 -1 -1 -1 
577 39 509 159 19 19 -1 -1 -1 -1 
577 42 585 169 15 15 -1 -1 -1 -1 
578 34 528 146 14 12 -1 -1 -1 -1 
578 39 509 159 19 19 -1 -1 -1 -1 
578 42 585 169 15 15 -1 -1 -1 -1 
579 34 528 146 14 13 -1 -1 -1 -1 
579 39 510 157 20 20 -1 -1 -1 -1 
579 42 586 168 14 16 -1 -1 -1 -1 
580 34 528 146 14 13 -1 -1 -1 -1 
580 39 512 155 19 20 -1 -1 -1 -1 
581 39 512 155 19 20 -1 -1 -1 -1 
581 42 586 170 15 17 -1 -1 -1 -1 
582 39 513 154 19 20 -1 -1 -1 -1 
582 42 586 170 17 18 -1 -1 -1 -1 
583 39 514 153 18 19 -1 -1 -1 -1 
583 42 587 172 17 19 -1 -1 -1 -1 
584 39 514 153 18 19 -1 -1 -1 -1 
584 42 587 172 17 19 -1 -1 -1 -1 
585 39 517 152 16 18 -1 -1 -1 -1 
585 42 587 174 18 18 -1 -1 -1 -1 
586 39 517 152 16 18 -1 -1 -1 -1 
586 42 587 174 18 18 -1 -1 -1 -1 
587 39 517 151 16 18 -1 -1 -1 -1 
587 42 589 174 18 20 -1 -1 -1 -1 
588 39 518 151 15 17 -1 -1 -1 -1 
588 42 589 175 19 21 -1 -1 -1 -1 
589 39 518 151 15 17 -1 -1 -1 -1 
589 42 589 175 19 21 -1 -1 -1 -1 
590 39 520 151 15 16 -1 -1 -1 -1 
590 42 590 176 19 22 -1 -1 -1 -1 
591 39 520 151 15 16 -1 -1 -1 -1 
591 42 590 176 19 22 -1 -1 -1 -1 
592 39 521 150 16 16 -1 -1 -1 -1 
592 42 591 180 19 22 -1 -1 -1 -1 
593 39 521 150 16 16 -1 -1 -1 -1 
594 42 591 181 20 22 -1 -1 -1 -1 
595 39 523 147 16 16 -1 -1 -1 -1 
595 42 592 181 22 25 -1 -1 -1 -1 
596 39 524 147 16 15 -1 -1 -1 -1 
596 42 592 184 23 26 -1 -1 -1 -1 
597 39 525 146 15 15 -1 -1 -1 -1 
597 42 593 186 24 28 -1 -1 -1 -1 
598 39 525 146 15 15 -1 -1 -1 -1 
598 42 593 186 24 28 -1 -1 -1 -1 
599 39 525 146 17 14 -1 -1 -1 -1 
599 42 595 187 24 29 -1 -1 -1 -1 
600 39 527 145 18 14 -1 -1 -1 -1 
600 42 596 187 26 35 -1 -1 -1 -1 
601 39 527 145 18 14 -1 -1 -1 -1 
601 42 596 187 26 35 -1 -1 -1 -1 
602 39 527 145 18 14 -1 -1 -1 -1 
603 42 597 194 26 30 -1 -1 -1 -1 
604 42 600 195 26 33 -1 -1 -1 -1 
605 42 600 195 29 38 -1 -1 -1 -1 
606 42 600 195 29 38 -1 -1 -1 -1 
606 44 600 195 28 37 -1 -1 -1 -1 
607 42 601 200 30 38 -1 -1 -1 -1 
608 42 601 202 33 40 -1 -1 -1 -1 
609 42 601 202 33 40 -1 -1 -1 -1 
610 42 603 208 34 42 -1 -1 -1 -1 
611 42 603 208 34 42 -1 -1 -1 -1 
612 42 605 210 34 48 -1 -1 -1 -1 
613 42 605 213 34 48 -1 -1 -1 -1 
614 42 605 213 34 48 -1 -1 -1 -1 
615 42 608 217 31 53 -1 -1 -1 -1 
616 42 608 217 31 53 -1 -1 -1 -1 
617 42 610 212 29 68 -1 -1 -1 -1 
618 42 612 230 27 63 -1 -1 -1 -1 
619 42 612 230 27 63 -1 -1 -1 -1 
624 42 621 251 18 79 -1 -1 -1 -1 
627 42 621 251 18 79 -1 -1 -1 -1 
629 45 1 272 111 141 -1 -1 -1 -1 
630 45 0 259 138 177 -1 -1 -1 -1 
631 45 0 259 138 177 -1 -1 -1 -1 
632 45 0 252 162 167 -1 -1 -1 -1 
633 45 1 240 181 159 -1 -1 -1 -1 
634 45 1 240 181 159 -1 -1 -1 -1 
635 45 2 233 201 155 -1 -1 -1 -1 
636 45 33 230 187 139 -1 -1 -1 -1 
637 45 33 230 187 139 -1 -1 -1 -1 
638 45 58 221 178 134 -1 -1 -1 -1 
639 45 84 218 170 127 -1 -1 -1 -1 
640 45 84 218 170 127 -1 -1 -1 -1 
640 46 226 174 15 26 -1 -1 -1 -1 
641 45 108 212 159 123 -1 -1 -1 -1 
641 46 226 174 15 25 -1 -1 -1 -1 
642 45 108 212 159 123 -1 -1 -1 -1 
642 46 226 174 15 25 -1 -1 -1 -1 
643 45 130 208 149 115 -1 -1 -1 -1 
644 45 152 203 139 109 -1 -1 -1 -1 
645 45 152 203 139 109 -1 -1 -1 -1 
646 45 171 197 134 107 -1 -1 -1 -1 
647 45 171 197 134 107 -1 -1 -1 -1 
648 45 189 195 126 103 -1 -1 -1 -1 
649 45 206 192 118 96 -1 -1 -1 -1 
650 45 206 192 118 96 -1 -1 -1 -1 
651 45 222 191 112 92 -1 -1 -1 -1 
652 45 222 191 112 92 -1 -1 -1 -1 
653 45 236 189 105 85 -1 -1 -1 -1 
654 45 249 187 101 82 -1 -1 -1 -1 
655 45 249 187 101 82 -1 -1 -1 -1 
656 45 262 185 95 78 -1 -1 -1 -1 
657 45 262 185 95 78 -1 -1 -1 -1 
658 45 272 185 93 74 -1 -1 -1 -1 
659 45 283 179 88 74 -1 -1 -1 -1 
660 45 283 179 88 74 -1 -1 -1 -1 
661 45 292 175 84 72 -1 -1 -1 -1 
662 45 292 175 84 72 -1 -1 -1 -1 
663 45 305 174 79 71 -1 -1 -1 -1 
664 45 313 170 73 72 -1 -1 -1 -1 
665 45 321 172 73 67 -1 -1 -1 -1 
666 45 321 172 73 67 -1 -1 -1 -1 
667 45 330 170 69 65 -1 -1 -1 -1 
668 45 334 171 68 59 -1 -1 -1 -1 
669 45 344 169 63 59 -1 -1 -1 -1 
670 45 344 169 63 59 -1 -1 -1 -1 
671 45 351 169 61 56 -1 -1 -1 -1 
672 45 351 169 61 56 -1 -1 -1 -1 
673 45 358 166 59 59 -1 -1 -1 -1 
674 45 363 166 58 56 -1 -1 -1 -1 
675 45 363 166 58 56 -1 -1 -1 -1 
676 45 369 164 56 56 -1 -1 -1 -1 
677 45 374 163 55 54 -1 -1 -1 -1 
678 45 374 163 55 54 -1 -1 -1 -1 
679 45 380 163 52 52 -1 -1 -1 -1 
680 45 380 163 52 52 -1 -1 -1 -1 
681 45 383 163 54 50 -1 -1 -1 -1 
682 45 389 163 50 46 -1 -1 -1 -1 
683 45 389 163 50 46 -1 -1 -1 -1 
683 47 595 162 13 17 -1 -1 -1 -1 
684 45 394 160 49 47 -1 -1 -1 -1 
684 47 595 164 13 16 -1 -1 -1 -1 
685 45 399 158 45 48 -1 -1 -1 -1 
685 47 595 165 14 15 -1 -1 -1 -1 
686 45 399 158 45 48 -1 -1 -1 -1 
686 47 595 165 14 15 -1 -1 -1 -1 
687 45 400 160 46 44 -1 -1 -1 -1 
687 47 596 167 13 14 -1 -1 -1 -1 
688 45 405 156 44 46 -1 -1 -1 -1 
688 47 596 167 13 14 -1 -1 -1 -1 
689 45 405 156 44 46 -1 -1 -1 -1 
689 47 596 167 13 14 -1 -1 -1 -1 
690 45 409 158 42 42 -1 -1 -1 -1 
690 47 596 167 14 15 -1 -1 -1 -1 
691 45 409 158 42 42 -1 -1 -1 -1 
691 47 596 167 14 15 -1 -1 -1 -1 
692 45 413 156 41 42 -1 -1 -1 -1 
692 47 596 167 15 17 -1 -1 -1 -1 
693 45 416 156 41 42 -1 -1 -1 -1 
693 47 596 168 15 17 -1 -1 -1 -1 
694 45 416 156 41 42 -1 -1 -1 -1 
694 47 596 168 15 17 -1 -1 -1 -1 
695 45 421 154 38 42 -1 -1 -1 -1 
695 47 597 169 15 16 -1 -1 -1 -1 
696 45 423 153 39 42 -1 -1 -1 -1 
696 47 597 169 16 18 -1 -1 -1 -1 
697 45 423 153 39 42 -1 -1 -1 -1 
697 47 597 169 16 18 -1 -1 -1 -1 
698 45 426 152 38 43 -1 -1 -1 -1 
698 47 599 173 16 15 -1 -1 -1 -1 
699 45 426 152 38 43 -1 -1 -1 -1 
699 47 599 173 16 15 -1 -1 -1 -1 
700 45 428 154 37 39 -1 -1 -1 -1 
700 47 600 174 16 16 -1 -1 -1 -1 
700 48 430 153 34 40 -1 -1 -1 -1 
701 45 431 153 35 38 -1 -1 -1 -1 
701 47 601 175 15 16 -1 -1 -1 -1 
702 45 431 153 35 38 -1 -1 -1 -1 
702 47 601 175 15 16 -1 -1 -1 -1 
703 45 432 155 37 35 -1 -1 -1 -1 
703 47 602 176 17 17 -1 -1 -1 -1 
703 48 434 155 35 34 -1 -1 -1 -1 
704 45 432 155 37 35 -1 -1 -1 -1 
704 47 602 176 17 17 -1 -1 -1 -1 
704 48 434 155 35 34 -1 -1 -1 -1 
705 45 437 156 33 32 -1 -1 -1 -1 
705 47 603 177 16 19 -1 -1 -1 -1 
705 48 437 154 33 34 -1 -1 -1 -1 
706 45 437 156 33 32 -1 -1 -1 -1 
707 47 604 177 16 20 -1 -1 -1 -1 
708 45 442 153 31 32 -1 -1 -1 -1 
708 47 605 177 16 22 -1 -1 -1 -1 
709 45 444 152 31 32 -1 -1 -1 -1 
709 47 606 177 16 23 -1 -1 -1 -1 
710 45 447 150 29 34 -1 -1 -1 -1 
710 47 606 179 18 23 -1 -1 -1 -1 
711 45 447 150 29 34 -1 -1 -1 -1 
711 47 606 179 18 23 -1 -1 -1 -1 
712 45 449 151 30 32 -1 -1 -1 -1 
712 47 606 181 20 23 -1 -1 -1 -1 
713 45 451 149 29 33 -1 -1 -1 -1 
713 47 607 183 21 24 -1 -1 -1 -1 
714 45 452 150 30 30 -1 -1 -1 -1 
714 47 610 188 18 21 -1 -1 -1 -1 
715 45 454 148 30 32 -1 -1 -1 -1 
715 47 611 188 20 24 -1 -1 -1 -1 
716 45 454 148 30 32 -1 -1 -1 -1 
716 47 611 188 20 24 -1 -1 -1 -1 
717 45 455 148 29 31 -1 -1 -1 -1 
717 47 611 189 21 25 -1 -1 -1 -1 
718 45 458 147 28 30 -1 -1 -1 -1 
718 47 613 190 22 29 -1 -1 -1 -1 
719 45 460 148 27 28 -1 -1 -1 -1 
719 47 615 195 22 27 -1 -1 -1 -1 
720 45 460 148 27 28 -1 -1 -1 -1 
720 47 615 195 22 27 -1 -1 -1 -1 
721 45 461 149 27 27 -1 -1 -1 -1 
721 47 616 196 23 29 -1 -1 -1 -1 
722 45 464 149 25 26 -1 -1 -1 -1 
722 47 618 198 21 32 -1 -1 -1 -1 
723 45 464 149 25 26 -1 -1 -1 -1 
723 47 618 198 21 32 -1 -1 -1 -1 
723 54 582 164 19 27 -1 -1 -1 -1 
724 45 465 149 25 26 -1 -1 -1 -1 
724 47 619 200 20 30 -1 -1 -1 -1 
724 54 583 169 18 23 -1 -1 -1 -1 
724 55 249 214 177 192 -1 -1 -1 -1 
725 45 467 148 24 26 -1 -1 -1 -1 
725 47 621 203 18 29 -1 -1 -1 -1 
725 54 583 169 18 23 -1 -1 -1 -1 
726 45 467 148 24 26 -1 -1 -1 -1 
726 47 621 203 18 29 -1 -1 -1 -1 
726 55 292 211 151 160 -1 -1 -1 -1 
727 45 467 148 24 26 -1 -1 -1 -1 
727 47 623 206 16 32 -1 -1 -1 -1 
727 55 321 197 133 152 -1 -1 -1 -1 
728 45 469 147 23 25 -1 -1 -1 -1 
728 47 625 210 14 30 -1 -1 -1 -1 
728 55 348 190 114 135 -1 -1 -1 -1 
729 45 471 146 23 25 -1 -1 -1 -1 
729 47 626 211 13 36 -1 -1 -1 -1 
729 55 369 184 102 122 -1 -1 -1 -1 
730 45 471 146 23 25 -1 -1 -1 -1 
730 47 626 211 13 36 -1 -1 -1 -1 
730 55 369 184 102 122 -1 -1 -1 -1 
731 45 472 146 24 25 -1 -1 -1 -1 
731 47 626 211 13 36 -1 -1 -1 -1 
731 55 386 182 94 105 -1 -1 -1 -1 
732 45 474 144 23 26 -1 -1 -1 -1 
732 55 399 175 86 101 -1 -1 -1 -1 
732 56 473 145 24 25 -1 -1 -1 -1 
733 45 474 144 23 26 -1 -1 -1 -1 
733 55 399 175 86 101 -1 -1 -1 -1 
733 56 473 145 24 25 -1 -1 -1 -1 
734 45 474 145 24 25 -1 -1 -1 -1 
734 55 412 175 77 93 -1 -1 -1 -1 
735 45 474 145 24 25 -1 -1 -1 -1 
735 55 412 175 77 93 -1 -1 -1 -1 
736 45 475 146 25 23 -1 -1 -1 -1 
736 55 424 166 72 93 -1 -1 -1 -1 
737 45 476 146 23 22 -1 -1 -1 -1 
737 55 432 166 69 86 -1 -1 -1 -1 
738 45 476 146 23 22 -1 -1 -1 -1 
738 55 432 166 69 86 -1 -1 -1 -1 
738 57 587 168 26 49 -1 -1 -1 -1 
739 45 477 146 23 21 -1 -1 -1 -1 
739 55 440 166 64 79 -1 -1 -1 -1 
739 57 589 167 28 54 -1 -1 -1 -1 
740 45 478 146 23 20 -1 -1 -1 -1 
740 55 448 162 56 79 -1 -1 -1 -1 
740 57 588 171 32 57 -1 -1 -1 -1 
741 45 478 146 23 20 -1 -1 -1 -1 
741 55 448 162 56 79 -1 -1 -1 -1 
741 57 588 171 32 57 -1 -1 -1 -1 
742 45 479 145 23 19 -1 -1 -1 -1 
742 55 456 163 51 71 -1 -1 -1 -1 
742 57 590 173 32 59 -1 -1 -1 -1 
743 45 479 145 23 19 -1 -1 -1 -1 
743 55 456 163 51 71 -1 -1 -1 -1 
743 57 590 173 32 59 -1 -1 -1 -1 
744 45 481 144 22 19 -1 -1 -1 -1 
745 45 482 144 20 17 -1 -1 -1 -1 
746 45 482 144 20 17 -1 -1 -1 -1 
747 45 482 144 20 17 -1 -1 -1 -1 
747 55 471 158 44 60 -1 -1 -1 -1 
748 55 476 152 48 62 -1 -1 -1 -1 
749 55 476 152 48 62 -1 -1 -1 -1 
749 59 595 180 38 74 -1 -1 -1 -1 
750 55 479 147 61 65 -1 -1 -1 -1 
750 59 595 182 42 77 -1 -1 -1 -1 
751 55 479 147 61 65 -1 -1 -1 -1 
751 59 595 182 42 77 -1 -1 -1 -1 
752 55 481 149 42 61 -1 -1 -1 -1 
753 55 485 139 67 66 -1 -1 -1 -1 
754 55 485 139 67 66 -1 -1 -1 -1 
755 55 489 135 63 70 -1 -1 -1 -1 
756 55 491 140 60 59 -1 -1 -1 -1 
757 55 491 140 60 59 -1 -1 -1 -1 
758 55 491 140 62 58 -1 -1 -1 -1 
759 55 491 140 62 58 -1 -1 -1 -1 
760 55 494 142 57 55 -1 -1 -1 -1 
760 61 605 213 34 109 -1 -1 -1 -1 
761 55 495 139 57 55 -1 -1 -1 -1 
762 55 501 144 35 46 -1 -1 -1 -1 
763 55 501 144 35 46 -1 -1 -1 -1 
764 55 502 142 32 46 -1 -1 -1 -1 
765 45 494 143 15 15 -1 -1 -1 -1 
765 55 504 141 31 45 -1 -1 -1 -1 
766 45 495 143 15 15 -1 -1 -1 -1 
766 55 506 135 31 49 -1 -1 -1 -1 
767 45 495 143 15 15 -1 -1 -1 -1 
767 55 506 135 31 49 -1 -1 -1 -1 
768 45 496 143 15 14 -1 -1 -1 -1 
768 55 508 139 29 43 -1 -1 -1 -1 
769 45 496 142 16 15 -1 -1 -1 -1 
769 55 509 140 28 40 -1 -1 -1 -1 
770 45 496 142 16 15 -1 -1 -1 -1 
770 55 509 140 28 40 -1 -1 -1 -1 
771 45 497 143 17 14 -1 -1 -1 -1 
771 55 512 139 27 40 -1 -1 -1 -1 
772 45 498 144 16 13 -1 -1 -1 -1 
772 55 512 138 30 39 -1 -1 -1 -1 
773 45 500 142 15 15 -1 -1 -1 -1 
773 55 513 139 25 36 -1 -1 -1 -1 
774 45 500 142 15 15 -1 -1 -1 -1 
774 55 513 139 25 36 -1 -1 -1 -1 
775 45 500 140 15 16 -1 -1 -1 -1 
775 55 513 140 24 33 -1 -1 -1 -1 
776 45 501 140 15 16 -1 -1 -1 -1 
777 45 501 140 15 16 -1 -1 -1 -1 
778 45 501 140 15 16 -1 -1 -1 -1 
779 45 502 141 14 14 -1 -1 -1 -1 
780 45 502 141 14 14 -1 -1 -1 -1 
781 45 502 140 15 15 -1 -1 -1 -1 
782 45 502 140 15 15 -1 -1 -1 -1 
783 45 503 140 15 15 -1 -1 -1 -1 
784 45 504 140 14 14 -1 -1 -1 -1 
785 45 504 139 15 15 -1 -1 -1 -1 
786 45 504 139 15 15 -1 -1 -1 -1 
787 45 504 140 15 13 -1 -1 -1 -1 
790 45 505 140 14 13 -1 -1 -1 -1 
791 45 505 140 14 13 -1 -1 -1 -1 
793 45 506 139 17 14 -1 -1 -1 -1 
794 45 506 139 17 14 -1 -1 -1 -1 
795 45 507 139 16 14 -1 -1 -1 -1 
796 45 507 139 16 14 -1 -1 -1 -1 
797 45 507 137 16 15 -1 -1 -1 -1 
800 45 508 137 16 14 -1 -1 -1 -1 
801 45 509 137 15 14 -1 -1 -1 -1 
802 45 509 137 15 14 -1 -1 -1 -1 
803 45 509 136 14 14 -1 -1 -1 -1 
806 45 510 137 14 12 -1 -1 -1 -1 
807 45 510 137 14 12 -1 -1 -1 -1 
