4 2 603 175 18 23 -1 -1 -1 -1 
4 4 367 185 58 42 -1 -1 -1 -1 
5 2 605 176 17 24 -1 -1 -1 -1 
5 4 374 185 54 38 -1 -1 -1 -1 
5 5 599 207 32 44 -1 -1 -1 -1 
6 2 606 177 16 24 -1 -1 -1 -1 
6 4 383 183 50 35 -1 -1 -1 -1 
6 5 599 213 33 46 -1 -1 -1 -1 
7 2 606 177 17 24 -1 -1 -1 -1 
7 4 387 181 50 36 -1 -1 -1 -1 
8 2 606 182 20 23 -1 -1 -1 -1 
8 4 393 179 49 35 -1 -1 -1 -1 
9 2 606 183 21 22 -1 -1 -1 -1 
9 4 400 178 44 34 -1 -1 -1 -1 
10 2 607 182 21 24 -1 -1 -1 -1 
10 4 406 176 41 33 -1 -1 -1 -1 
10 7 603 226 36 59 -1 -1 -1 -1 
11 2 608 184 21 24 -1 -1 -1 -1 
11 4 409 174 43 32 -1 -1 -1 -1 
11 7 606 231 33 63 -1 -1 -1 -1 
12 2 608 184 22 25 -1 -1 -1 -1 
12 4 414 174 40 29 -1 -1 -1 -1 
12 7 607 236 32 66 -1 -1 -1 -1 
13 2 609 186 23 26 -1 -1 -1 -1 
13 4 418 172 41 29 -1 -1 -1 -1 
13 7 609 242 30 68 -1 -1 -1 -1 
14 2 609 186 23 26 -1 -1 -1 -1 
14 4 418 172 41 29 -1 -1 -1 -1 
14 7 609 242 30 68 -1 -1 -1 -1 
15 2 610 186 23 28 -1 -1 -1 -1 
15 4 422 170 41 30 -1 -1 -1 -1 
15 7 611 249 28 72 -1 -1 -1 -1 
16 2 611 186 24 30 -1 -1 -1 -1 
16 4 427 169 36 28 -1 -1 -1 -1 
16 7 613 254 26 78 -1 -1 -1 -1 
17 2 612 187 25 31 -1 -1 -1 -1 
17 4 431 168 35 28 -1 -1 -1 -1 
17 7 613 262 26 82 -1 -1 -1 -1 
18 2 613 189 26 31 -1 -1 -1 -1 
18 4 434 167 36 27 -1 -1 -1 -1 
19 2 613 189 26 31 -1 -1 -1 -1 
20 4 438 165 34 27 -1 -1 -1 -1 
21 4 441 164 33 27 -1 -1 -1 -1 
22 4 444 163 32 26 -1 -1 -1 -1 
23 4 447 163 30 24 -1 -1 -1 -1 
24 4 450 162 29 24 -1 -1 -1 -1 
25 4 450 162 29 24 -1 -1 -1 -1 
25 10 619 196 20 34 -1 -1 -1 -1 
26 4 453 161 29 25 -1 -1 -1 -1 
26 10 619 197 20 35 -1 -1 -1 -1 
27 4 455 160 28 25 -1 -1 -1 -1 
27 10 621 197 18 37 -1 -1 -1 -1 
28 4 458 160 27 22 -1 -1 -1 -1 
28 10 622 199 17 38 -1 -1 -1 -1 
29 4 460 158 27 23 -1 -1 -1 -1 
29 10 623 202 16 38 -1 -1 -1 -1 
30 4 460 158 27 23 -1 -1 -1 -1 
30 10 623 202 16 38 -1 -1 -1 -1 
31 4 463 157 25 23 -1 -1 -1 -1 
31 10 625 205 14 37 -1 -1 -1 -1 
32 4 464 157 26 23 -1 -1 -1 -1 
33 4 466 157 25 21 -1 -1 -1 -1 
34 4 468 157 24 19 -1 -1 -1 -1 
35 4 468 157 24 19 -1 -1 -1 -1 
36 4 471 157 22 20 -1 -1 -1 -1 
37 4 473 155 22 20 -1 -1 -1 -1 
38 4 474 154 24 21 -1 -1 -1 -1 
39 4 477 153 22 19 -1 -1 -1 -1 
40 4 477 153 22 19 -1 -1 -1 -1 
41 4 478 153 22 20 -1 -1 -1 -1 
42 4 478 154 22 18 -1 -1 -1 -1 
43 4 481 153 21 18 -1 -1 -1 -1 
44 4 483 152 20 18 -1 -1 -1 -1 
45 4 483 152 20 18 -1 -1 -1 -1 
46 4 485 151 19 18 -1 -1 -1 -1 
47 4 486 150 18 19 -1 -1 -1 -1 
48 4 487 150 19 17 -1 -1 -1 -1 
49 4 488 150 19 17 -1 -1 -1 -1 
50 4 489 150 19 17 -1 -1 -1 -1 
51 4 490 149 19 16 -1 -1 -1 -1 
52 4 490 149 19 16 -1 -1 -1 -1 
53 4 492 148 17 16 -1 -1 -1 -1 
54 4 493 149 18 15 -1 -1 -1 -1 
55 4 494 148 18 16 -1 -1 -1 -1 
56 4 495 148 18 15 -1 -1 -1 -1 
57 4 495 148 18 15 -1 -1 -1 -1 
58 4 496 147 17 16 -1 -1 -1 -1 
59 4 497 147 17 15 -1 -1 -1 -1 
60 4 498 148 16 13 -1 -1 -1 -1 
61 4 499 147 16 14 -1 -1 -1 -1 
62 4 499 147 16 14 -1 -1 -1 -1 
63 4 500 147 15 14 -1 -1 -1 -1 
64 4 501 147 15 14 -1 -1 -1 -1 
65 4 502 148 15 12 -1 -1 -1 -1 
66 4 503 147 14 13 -1 -1 -1 -1 
67 4 503 147 14 13 -1 -1 -1 -1 
69 4 505 146 15 12 -1 -1 -1 -1 
70 4 505 146 15 12 -1 -1 -1 -1 
71 4 506 145 15 12 -1 -1 -1 -1 
72 4 506 144 16 12 -1 -1 -1 -1 
73 4 507 144 16 11 -1 -1 -1 -1 
74 4 508 143 15 12 -1 -1 -1 -1 
75 4 509 143 14 11 -1 -1 -1 -1 
76 4 509 143 14 11 -1 -1 -1 -1 
81 4 509 143 14 11 -1 -1 -1 -1 
83 13 0 236 46 47 -1 -1 -1 -1 
84 13 0 236 46 47 -1 -1 -1 -1 
85 13 0 226 58 57 -1 -1 -1 -1 
86 13 0 224 73 62 -1 -1 -1 -1 
87 4 515 140 13 10 -1 -1 -1 -1 
87 13 0 221 85 62 -1 -1 -1 -1 
88 4 515 140 13 10 -1 -1 -1 -1 
89 13 8 214 103 56 -1 -1 -1 -1 
90 13 19 209 103 57 -1 -1 -1 -1 
91 4 591 160 11 9 -1 -1 -1 -1 
91 13 32 205 101 57 -1 -1 -1 -1 
92 4 591 160 11 9 -1 -1 -1 -1 
92 13 32 205 101 57 -1 -1 -1 -1 
93 4 591 160 11 10 -1 -1 -1 -1 
93 13 46 203 99 51 -1 -1 -1 -1 
94 4 591 160 11 11 -1 -1 -1 -1 
94 13 60 201 93 49 -1 -1 -1 -1 
95 4 591 160 11 11 -1 -1 -1 -1 
95 13 72 198 92 50 -1 -1 -1 -1 
96 4 593 163 9 9 -1 -1 -1 -1 
96 13 85 194 89 50 -1 -1 -1 -1 
97 4 593 163 9 9 -1 -1 -1 -1 
97 13 97 192 87 49 -1 -1 -1 -1 
98 13 108 191 83 46 -1 -1 -1 -1 
99 13 119 188 81 47 -1 -1 -1 -1 
100 13 130 186 78 45 -1 -1 -1 -1 
101 4 594 167 13 12 -1 -1 -1 -1 
101 13 139 183 76 45 -1 -1 -1 -1 
102 4 595 167 13 13 -1 -1 -1 -1 
102 13 149 182 74 43 -1 -1 -1 -1 
103 4 595 168 13 12 -1 -1 -1 -1 
103 13 159 181 70 42 -1 -1 -1 -1 
104 4 596 169 13 12 -1 -1 -1 -1 
104 13 166 178 67 42 -1 -1 -1 -1 
105 4 596 169 14 13 -1 -1 -1 -1 
105 13 177 176 57 41 -1 -1 -1 -1 
106 4 596 170 14 13 -1 -1 -1 -1 
106 13 184 175 45 38 -1 -1 -1 -1 
107 4 596 171 14 13 -1 -1 -1 -1 
107 13 191 173 46 37 -1 -1 -1 -1 
108 4 597 171 14 15 -1 -1 -1 -1 
108 13 198 172 45 37 -1 -1 -1 -1 
109 4 597 173 16 15 -1 -1 -1 -1 
109 13 208 171 36 35 -1 -1 -1 -1 
110 4 598 176 16 14 -1 -1 -1 -1 
111 4 599 176 16 16 -1 -1 -1 -1 
112 4 599 177 17 15 -1 -1 -1 -1 
113 4 600 177 16 16 -1 -1 -1 -1 
113 23 447 169 64 80 -1 -1 -1 -1 
113 24 17 357 251 121 -1 -1 -1 -1 
114 4 601 177 17 19 -1 -1 -1 -1 
114 23 452 169 62 78 -1 -1 -1 -1 
114 24 79 332 223 144 -1 -1 -1 -1 
115 4 601 178 19 19 -1 -1 -1 -1 
115 23 456 166 58 76 -1 -1 -1 -1 
115 24 134 309 193 144 -1 -1 -1 -1 
116 4 602 180 19 19 -1 -1 -1 -1 
116 23 461 165 55 71 -1 -1 -1 -1 
116 24 180 292 171 127 -1 -1 -1 -1 
117 4 604 183 18 18 -1 -1 -1 -1 
117 23 466 163 53 68 -1 -1 -1 -1 
117 24 220 275 151 110 -1 -1 -1 -1 
118 4 605 185 18 18 -1 -1 -1 -1 
118 23 469 162 50 65 -1 -1 -1 -1 
118 24 252 263 134 99 -1 -1 -1 -1 
119 4 606 186 18 19 -1 -1 -1 -1 
119 23 472 160 50 64 -1 -1 -1 -1 
119 24 280 251 120 92 -1 -1 -1 -1 
120 4 606 186 20 21 -1 -1 -1 -1 
120 23 476 158 46 63 -1 -1 -1 -1 
120 24 305 240 107 89 -1 -1 -1 -1 
121 4 608 191 21 22 -1 -1 -1 -1 
121 23 481 159 43 55 -1 -1 -1 -1 
121 24 343 224 88 72 -1 -1 -1 -1 
122 4 609 192 22 25 -1 -1 -1 -1 
122 23 485 157 40 54 -1 -1 -1 -1 
122 24 360 215 82 71 -1 -1 -1 -1 
122 26 285 159 27 25 -1 -1 -1 -1 
123 4 610 196 22 22 -1 -1 -1 -1 
123 23 488 155 38 52 -1 -1 -1 -1 
123 24 374 211 74 64 -1 -1 -1 -1 
123 26 285 159 27 25 -1 -1 -1 -1 
124 4 611 197 23 25 -1 -1 -1 -1 
124 23 490 154 38 51 -1 -1 -1 -1 
124 24 383 206 70 62 -1 -1 -1 -1 
125 4 612 200 26 25 -1 -1 -1 -1 
125 23 492 154 37 48 -1 -1 -1 -1 
125 24 393 202 65 58 -1 -1 -1 -1 
126 4 612 200 26 25 -1 -1 -1 -1 
126 23 494 153 37 47 -1 -1 -1 -1 
126 24 403 197 62 56 -1 -1 -1 -1 
127 23 496 150 36 47 -1 -1 -1 -1 
127 24 410 193 59 54 -1 -1 -1 -1 
128 23 497 152 35 43 -1 -1 -1 -1 
128 24 417 190 56 50 -1 -1 -1 -1 
129 23 500 150 33 44 -1 -1 -1 -1 
129 24 425 188 52 47 -1 -1 -1 -1 
130 23 502 150 31 42 -1 -1 -1 -1 
130 24 430 186 51 43 -1 -1 -1 -1 
130 31 429 186 54 44 -1 -1 -1 -1 
131 23 503 149 31 40 -1 -1 -1 -1 
131 24 437 184 46 42 -1 -1 -1 -1 
131 31 438 184 45 42 -1 -1 -1 -1 
132 23 504 149 31 38 -1 -1 -1 -1 
132 24 437 184 46 42 -1 -1 -1 -1 
132 31 443 182 42 37 -1 -1 -1 -1 
133 23 504 149 31 38 -1 -1 -1 -1 
133 31 446 177 42 40 -1 -1 -1 -1 
134 31 450 175 40 37 -1 -1 -1 -1 
135 4 580 151 10 13 -1 -1 -1 -1 
135 31 454 175 37 34 -1 -1 -1 -1 
136 4 580 151 10 14 -1 -1 -1 -1 
136 31 458 173 35 33 -1 -1 -1 -1 
137 4 578 153 13 13 -1 -1 -1 -1 
137 23 511 145 26 34 -1 -1 -1 -1 
137 31 461 172 33 30 -1 -1 -1 -1 
137 34 0 278 149 179 -1 -1 -1 -1 
138 4 578 153 13 14 -1 -1 -1 -1 
138 23 513 145 25 33 -1 -1 -1 -1 
138 31 465 170 31 29 -1 -1 -1 -1 
138 34 1 263 186 179 -1 -1 -1 -1 
139 4 579 155 12 14 -1 -1 -1 -1 
139 23 514 144 24 32 -1 -1 -1 -1 
139 31 468 170 29 26 -1 -1 -1 -1 
139 34 10 252 208 161 -1 -1 -1 -1 
140 4 579 156 12 14 -1 -1 -1 -1 
140 23 514 144 24 32 -1 -1 -1 -1 
140 31 470 167 30 26 -1 -1 -1 -1 
141 4 579 157 12 13 -1 -1 -1 -1 
141 31 473 167 28 26 -1 -1 -1 -1 
141 34 99 226 171 142 -1 -1 -1 -1 
142 4 579 158 12 13 -1 -1 -1 -1 
142 31 475 165 26 26 -1 -1 -1 -1 
142 34 137 222 152 127 -1 -1 -1 -1 
143 4 579 160 12 13 -1 -1 -1 -1 
143 31 478 164 25 24 -1 -1 -1 -1 
143 34 171 210 140 120 -1 -1 -1 -1 
144 4 579 161 13 13 -1 -1 -1 -1 
144 31 480 162 24 24 -1 -1 -1 -1 
144 34 201 205 126 109 -1 -1 -1 -1 
145 4 579 162 14 13 -1 -1 -1 -1 
145 31 481 162 24 22 -1 -1 -1 -1 
145 34 227 196 117 105 -1 -1 -1 -1 
146 4 578 164 16 13 -1 -1 -1 -1 
146 31 484 161 23 21 -1 -1 -1 -1 
146 34 249 193 108 96 -1 -1 -1 -1 
147 4 579 165 16 12 -1 -1 -1 -1 
147 31 487 158 21 23 -1 -1 -1 -1 
147 34 270 189 98 90 -1 -1 -1 -1 
148 4 580 165 16 14 -1 -1 -1 -1 
148 31 487 157 22 22 -1 -1 -1 -1 
148 34 288 187 89 84 -1 -1 -1 -1 
149 4 580 165 16 16 -1 -1 -1 -1 
149 31 488 157 22 21 -1 -1 -1 -1 
149 34 305 185 82 78 -1 -1 -1 -1 
150 4 580 166 17 15 -1 -1 -1 -1 
150 31 489 157 22 19 -1 -1 -1 -1 
150 34 320 181 76 76 -1 -1 -1 -1 
151 4 581 167 16 16 -1 -1 -1 -1 
151 31 489 157 23 17 -1 -1 -1 -1 
151 34 333 178 68 68 -1 -1 -1 -1 
152 4 581 167 17 18 -1 -1 -1 -1 
152 31 493 155 20 19 -1 -1 -1 -1 
152 34 344 175 64 68 -1 -1 -1 -1 
153 4 581 168 17 19 -1 -1 -1 -1 
153 31 494 154 20 19 -1 -1 -1 -1 
153 34 354 174 62 65 -1 -1 -1 -1 
154 4 581 169 18 19 -1 -1 -1 -1 
154 31 496 153 18 18 -1 -1 -1 -1 
154 34 365 171 59 62 -1 -1 -1 -1 
155 4 582 170 17 19 -1 -1 -1 -1 
155 31 498 152 17 18 -1 -1 -1 -1 
155 34 365 171 59 62 -1 -1 -1 -1 
156 4 582 173 18 18 -1 -1 -1 -1 
156 31 499 151 17 19 -1 -1 -1 -1 
156 39 381 167 54 59 -1 -1 -1 -1 
157 4 584 175 17 17 -1 -1 -1 -1 
157 31 500 151 17 17 -1 -1 -1 -1 
157 39 389 167 52 55 -1 -1 -1 -1 
158 4 584 175 18 19 -1 -1 -1 -1 
158 31 500 150 17 17 -1 -1 -1 -1 
158 39 397 168 47 49 -1 -1 -1 -1 
159 4 584 175 18 21 -1 -1 -1 -1 
159 31 501 150 17 16 -1 -1 -1 -1 
159 39 402 164 47 51 -1 -1 -1 -1 
160 4 584 176 20 23 -1 -1 -1 -1 
160 31 502 149 16 16 -1 -1 -1 -1 
160 39 409 163 45 48 -1 -1 -1 -1 
161 4 585 180 20 20 -1 -1 -1 -1 
161 31 503 149 16 14 -1 -1 -1 -1 
161 39 415 159 43 49 -1 -1 -1 -1 
162 4 585 183 20 19 -1 -1 -1 -1 
162 31 504 149 16 12 -1 -1 -1 -1 
162 39 420 157 42 48 -1 -1 -1 -1 
163 4 585 182 22 24 -1 -1 -1 -1 
163 31 505 148 16 14 -1 -1 -1 -1 
163 39 425 157 41 44 -1 -1 -1 -1 
164 4 585 183 22 25 -1 -1 -1 -1 
164 31 506 147 16 14 -1 -1 -1 -1 
164 39 430 157 38 42 -1 -1 -1 -1 
164 40 429 157 38 43 -1 -1 -1 -1 
165 4 588 183 21 27 -1 -1 -1 -1 
165 31 507 148 16 12 -1 -1 -1 -1 
165 39 433 157 37 41 -1 -1 -1 -1 
165 40 433 157 37 41 -1 -1 -1 -1 
166 4 588 184 22 29 -1 -1 -1 -1 
166 31 508 147 16 12 -1 -1 -1 -1 
166 39 438 156 34 40 -1 -1 -1 -1 
166 40 437 155 35 41 -1 -1 -1 -1 
167 4 588 187 24 31 -1 -1 -1 -1 
167 31 509 146 15 12 -1 -1 -1 -1 
167 39 442 155 33 39 -1 -1 -1 -1 
168 4 589 189 25 32 -1 -1 -1 -1 
168 31 509 146 16 11 -1 -1 -1 -1 
168 39 446 157 34 35 -1 -1 -1 -1 
169 4 589 189 25 32 -1 -1 -1 -1 
169 31 510 146 15 12 -1 -1 -1 -1 
170 31 510 145 15 12 -1 -1 -1 -1 
170 39 451 155 30 34 -1 -1 -1 -1 
171 31 511 145 15 11 -1 -1 -1 -1 
171 39 453 152 29 37 -1 -1 -1 -1 
172 31 512 144 14 11 -1 -1 -1 -1 
172 39 457 151 27 36 -1 -1 -1 -1 
172 41 593 202 30 37 -1 -1 -1 -1 
173 31 513 143 14 12 -1 -1 -1 -1 
173 39 460 151 27 35 -1 -1 -1 -1 
173 41 594 204 30 41 -1 -1 -1 -1 
174 31 513 142 14 13 -1 -1 -1 -1 
174 39 462 150 26 34 -1 -1 -1 -1 
174 41 595 208 31 39 -1 -1 -1 -1 
175 31 514 144 13 10 -1 -1 -1 -1 
175 39 465 149 26 33 -1 -1 -1 -1 
175 41 596 212 33 46 -1 -1 -1 -1 
176 31 515 144 13 10 -1 -1 -1 -1 
176 39 467 148 26 33 -1 -1 -1 -1 
176 41 597 216 37 47 -1 -1 -1 -1 
177 31 516 144 12 8 -1 -1 -1 -1 
177 39 469 147 24 31 -1 -1 -1 -1 
177 41 598 219 40 55 -1 -1 -1 -1 
177 44 578 150 14 11 -1 -1 -1 -1 
178 31 516 144 12 8 -1 -1 -1 -1 
178 39 471 148 23 29 -1 -1 -1 -1 
178 41 599 227 40 54 -1 -1 -1 -1 
178 44 578 151 16 11 -1 -1 -1 -1 
179 31 517 143 12 8 -1 -1 -1 -1 
179 39 472 147 25 30 -1 -1 -1 -1 
179 41 601 231 38 59 -1 -1 -1 -1 
179 44 578 151 16 13 -1 -1 -1 -1 
180 31 517 143 12 8 -1 -1 -1 -1 
180 39 475 146 24 30 -1 -1 -1 -1 
180 41 603 238 36 63 -1 -1 -1 -1 
181 31 518 142 13 8 -1 -1 -1 -1 
181 39 476 146 24 29 -1 -1 -1 -1 
181 41 605 246 34 69 -1 -1 -1 -1 
181 44 578 152 16 14 -1 -1 -1 -1 
182 31 518 142 13 8 -1 -1 -1 -1 
182 39 478 146 24 27 -1 -1 -1 -1 
182 41 607 251 32 76 -1 -1 -1 -1 
183 39 479 146 23 26 -1 -1 -1 -1 
183 41 609 262 30 81 -1 -1 -1 -1 
183 44 578 153 17 15 -1 -1 -1 -1 
184 39 481 145 22 26 -1 -1 -1 -1 
184 41 609 262 30 81 -1 -1 -1 -1 
185 39 481 145 22 26 -1 -1 -1 -1 
186 44 580 155 15 14 -1 -1 -1 -1 
187 39 485 143 21 26 -1 -1 -1 -1 
187 44 580 156 16 14 -1 -1 -1 -1 
188 39 485 143 21 26 -1 -1 -1 -1 
189 44 583 160 15 14 -1 -1 -1 -1 
190 44 582 160 16 16 -1 -1 -1 -1 
191 44 582 161 16 17 -1 -1 -1 -1 
192 4 493 142 18 21 -1 -1 -1 -1 
192 44 581 162 17 18 -1 -1 -1 -1 
193 4 494 142 18 20 -1 -1 -1 -1 
193 44 582 164 17 16 -1 -1 -1 -1 
194 4 496 142 17 20 -1 -1 -1 -1 
194 44 583 166 15 15 -1 -1 -1 -1 
195 4 497 142 16 18 -1 -1 -1 -1 
195 44 584 166 16 17 -1 -1 -1 -1 
196 4 499 142 14 19 -1 -1 -1 -1 
196 44 585 167 15 17 -1 -1 -1 -1 
197 4 500 142 14 19 -1 -1 -1 -1 
197 44 584 168 17 18 -1 -1 -1 -1 
198 4 500 142 14 19 -1 -1 -1 -1 
198 44 585 169 17 19 -1 -1 -1 -1 
199 4 577 154 16 15 -1 -1 -1 -1 
199 44 586 171 17 18 -1 -1 -1 -1 
200 4 577 154 17 16 -1 -1 -1 -1 
200 44 588 174 17 17 -1 -1 -1 -1 
201 4 502 142 14 17 -1 -1 -1 -1 
201 44 578 156 15 15 -1 -1 -1 -1 
202 4 578 157 16 15 -1 -1 -1 -1 
202 44 589 175 19 20 -1 -1 -1 -1 
202 48 261 207 181 167 -1 -1 -1 -1 
203 4 578 157 16 16 -1 -1 -1 -1 
203 44 589 174 19 23 -1 -1 -1 -1 
203 48 299 196 151 147 -1 -1 -1 -1 
204 4 578 158 16 17 -1 -1 -1 -1 
204 44 589 179 20 21 -1 -1 -1 -1 
204 48 332 189 130 128 -1 -1 -1 -1 
205 4 578 158 17 18 -1 -1 -1 -1 
205 44 590 181 20 21 -1 -1 -1 -1 
205 48 358 187 114 111 -1 -1 -1 -1 
206 4 617 188 15 16 -1 -1 -1 -1 
206 44 590 181 20 21 -1 -1 -1 -1 
206 48 358 187 114 111 -1 -1 -1 -1 
207 4 617 188 16 18 -1 -1 -1 -1 
208 4 617 188 16 18 -1 -1 -1 -1 
208 50 512 140 26 34 -1 -1 -1 -1 
209 50 512 140 26 34 -1 -1 -1 -1 
210 51 595 202 38 43 -1 -1 -1 -1 
211 51 596 203 40 48 -1 -1 -1 -1 
212 51 597 204 42 55 -1 -1 -1 -1 
213 51 598 211 41 54 -1 -1 -1 -1 
214 51 599 217 40 56 -1 -1 -1 -1 
215 51 602 211 37 69 -1 -1 -1 -1 
217 51 605 235 34 65 -1 -1 -1 -1 
218 51 607 241 32 67 -1 -1 -1 -1 
219 51 609 251 30 73 -1 -1 -1 -1 
265 4 585 152 12 10 -1 -1 -1 -1 
266 4 585 152 12 10 -1 -1 -1 -1 
267 4 586 152 11 11 -1 -1 -1 -1 
268 4 587 153 11 10 -1 -1 -1 -1 
269 4 587 153 12 11 -1 -1 -1 -1 
270 4 587 155 12 10 -1 -1 -1 -1 
271 4 587 155 12 10 -1 -1 -1 -1 
272 4 587 156 12 11 -1 -1 -1 -1 
273 4 587 156 13 12 -1 -1 -1 -1 
274 4 587 158 13 11 -1 -1 -1 -1 
275 4 587 158 13 12 -1 -1 -1 -1 
276 4 587 158 13 12 -1 -1 -1 -1 
277 4 587 159 14 11 -1 -1 -1 -1 
278 4 588 159 13 12 -1 -1 -1 -1 
279 4 590 159 11 12 -1 -1 -1 -1 
280 4 590 160 12 12 -1 -1 -1 -1 
281 4 591 161 11 12 -1 -1 -1 -1 
282 4 590 162 13 13 -1 -1 -1 -1 
283 4 590 162 13 13 -1 -1 -1 -1 
284 4 590 163 14 14 -1 -1 -1 -1 
285 4 591 163 14 15 -1 -1 -1 -1 
286 4 592 164 14 15 -1 -1 -1 -1 
287 4 593 167 14 13 -1 -1 -1 -1 
288 4 594 167 14 14 -1 -1 -1 -1 
289 4 594 167 14 14 -1 -1 -1 -1 
289 54 32 406 242 72 -1 -1 -1 -1 
290 4 594 167 14 15 -1 -1 -1 -1 
290 54 73 374 240 105 -1 -1 -1 -1 
291 4 595 167 14 16 -1 -1 -1 -1 
291 54 136 348 205 130 -1 -1 -1 -1 
292 4 595 168 15 17 -1 -1 -1 -1 
292 54 188 325 178 144 -1 -1 -1 -1 
293 4 596 169 15 17 -1 -1 -1 -1 
293 54 231 304 158 119 -1 -1 -1 -1 
294 4 596 168 16 18 -1 -1 -1 -1 
294 54 267 286 138 113 -1 -1 -1 -1 
295 4 596 169 17 19 -1 -1 -1 -1 
295 54 297 269 124 97 -1 -1 -1 -1 
296 4 597 170 16 20 -1 -1 -1 -1 
296 54 325 257 107 92 -1 -1 -1 -1 
297 4 598 172 17 20 -1 -1 -1 -1 
297 54 347 248 96 82 -1 -1 -1 -1 
298 4 599 173 17 20 -1 -1 -1 -1 
298 54 365 240 89 76 -1 -1 -1 -1 
299 4 599 174 18 20 -1 -1 -1 -1 
299 54 380 231 80 73 -1 -1 -1 -1 
300 4 600 174 18 23 -1 -1 -1 -1 
300 54 393 225 75 63 -1 -1 -1 -1 
301 4 601 176 18 22 -1 -1 -1 -1 
301 54 405 222 69 57 -1 -1 -1 -1 
302 4 601 177 21 23 -1 -1 -1 -1 
302 54 414 215 64 55 -1 -1 -1 -1 
303 4 602 178 21 25 -1 -1 -1 -1 
303 54 423 212 62 49 -1 -1 -1 -1 
304 4 604 180 20 23 -1 -1 -1 -1 
304 54 433 207 55 47 -1 -1 -1 -1 
304 55 157 353 205 124 -1 -1 -1 -1 
305 4 605 181 21 25 -1 -1 -1 -1 
305 54 439 203 52 44 -1 -1 -1 -1 
305 55 208 326 177 151 -1 -1 -1 -1 
305 56 578 151 11 11 -1 -1 -1 -1 
306 4 606 183 21 25 -1 -1 -1 -1 
306 54 445 199 51 41 -1 -1 -1 -1 
306 55 252 302 155 147 -1 -1 -1 -1 
306 56 578 151 11 11 -1 -1 -1 -1 
307 4 607 184 22 27 -1 -1 -1 -1 
307 54 452 197 46 39 -1 -1 -1 -1 
307 55 289 276 135 138 -1 -1 -1 -1 
308 4 608 187 22 27 -1 -1 -1 -1 
308 54 458 193 42 37 -1 -1 -1 -1 
308 55 317 262 122 124 -1 -1 -1 -1 
308 56 577 151 14 13 -1 -1 -1 -1 
309 4 610 188 22 30 -1 -1 -1 -1 
309 54 461 190 42 35 -1 -1 -1 -1 
309 55 343 253 104 108 -1 -1 -1 -1 
309 56 578 151 13 13 -1 -1 -1 -1 
310 4 610 190 26 31 -1 -1 -1 -1 
310 54 466 187 39 34 -1 -1 -1 -1 
310 55 364 245 95 95 -1 -1 -1 -1 
310 56 578 152 14 14 -1 -1 -1 -1 
311 4 611 190 27 35 -1 -1 -1 -1 
311 54 471 185 37 32 -1 -1 -1 -1 
311 55 380 232 87 90 -1 -1 -1 -1 
311 56 579 154 13 13 -1 -1 -1 -1 
312 4 611 190 27 35 -1 -1 -1 -1 
312 54 474 183 34 31 -1 -1 -1 -1 
312 55 395 227 79 83 -1 -1 -1 -1 
313 54 476 179 35 31 -1 -1 -1 -1 
313 55 408 221 72 76 -1 -1 -1 -1 
313 56 580 156 12 13 -1 -1 -1 -1 
314 54 481 177 31 30 -1 -1 -1 -1 
314 55 418 209 69 76 -1 -1 -1 -1 
314 56 580 156 12 14 -1 -1 -1 -1 
315 54 482 175 33 28 -1 -1 -1 -1 
315 55 430 209 63 66 -1 -1 -1 -1 
315 56 580 157 13 13 -1 -1 -1 -1 
315 57 618 200 21 34 -1 -1 -1 -1 
316 54 485 174 31 25 -1 -1 -1 -1 
316 55 436 204 58 64 -1 -1 -1 -1 
316 56 580 157 13 13 -1 -1 -1 -1 
317 54 488 172 30 24 -1 -1 -1 -1 
317 55 444 199 54 61 -1 -1 -1 -1 
317 56 581 161 13 13 -1 -1 -1 -1 
317 57 622 207 17 36 -1 -1 -1 -1 
318 54 491 169 28 25 -1 -1 -1 -1 
318 55 452 195 51 58 -1 -1 -1 -1 
318 56 581 162 15 12 -1 -1 -1 -1 
319 54 494 167 26 25 -1 -1 -1 -1 
319 55 459 193 45 54 -1 -1 -1 -1 
319 56 582 163 14 14 -1 -1 -1 -1 
320 54 496 166 25 24 -1 -1 -1 -1 
320 55 464 189 42 50 -1 -1 -1 -1 
320 56 582 163 15 15 -1 -1 -1 -1 
321 54 497 165 25 23 -1 -1 -1 -1 
321 55 468 188 41 48 -1 -1 -1 -1 
321 56 582 163 15 15 -1 -1 -1 -1 
322 54 499 163 25 23 -1 -1 -1 -1 
322 55 470 185 40 48 -1 -1 -1 -1 
322 56 582 164 16 16 -1 -1 -1 -1 
323 54 500 162 24 22 -1 -1 -1 -1 
323 55 475 186 38 40 -1 -1 -1 -1 
323 56 583 166 15 15 -1 -1 -1 -1 
324 54 503 162 21 19 -1 -1 -1 -1 
324 55 475 186 38 40 -1 -1 -1 -1 
325 54 505 161 20 18 -1 -1 -1 -1 
325 55 483 181 34 37 -1 -1 -1 -1 
325 56 585 167 14 16 -1 -1 -1 -1 
326 54 506 158 20 20 -1 -1 -1 -1 
326 55 486 178 31 36 -1 -1 -1 -1 
326 56 585 168 14 16 -1 -1 -1 -1 
327 54 508 157 18 19 -1 -1 -1 -1 
327 55 490 175 29 36 -1 -1 -1 -1 
327 56 585 169 15 17 -1 -1 -1 -1 
328 54 510 156 17 19 -1 -1 -1 -1 
328 55 493 176 27 31 -1 -1 -1 -1 
328 56 586 170 16 18 -1 -1 -1 -1 
329 54 511 156 18 18 -1 -1 -1 -1 
329 55 495 173 27 30 -1 -1 -1 -1 
329 56 586 171 16 17 -1 -1 -1 -1 
330 54 512 154 18 19 -1 -1 -1 -1 
330 55 497 171 26 29 -1 -1 -1 -1 
330 56 588 174 16 17 -1 -1 -1 -1 
331 54 512 154 18 19 -1 -1 -1 -1 
331 55 498 170 28 29 -1 -1 -1 -1 
332 55 499 169 29 28 -1 -1 -1 -1 
332 56 588 177 19 20 -1 -1 -1 -1 
333 55 502 168 27 28 -1 -1 -1 -1 
333 56 587 177 21 23 -1 -1 -1 -1 
334 55 503 167 25 25 -1 -1 -1 -1 
334 56 588 179 21 23 -1 -1 -1 -1 
335 55 506 166 25 25 -1 -1 -1 -1 
335 56 588 180 21 24 -1 -1 -1 -1 
336 55 508 165 24 24 -1 -1 -1 -1 
336 56 590 182 20 25 -1 -1 -1 -1 
337 55 509 165 23 23 -1 -1 -1 -1 
337 56 590 183 21 26 -1 -1 -1 -1 
338 55 510 160 22 26 -1 -1 -1 -1 
338 56 591 186 22 26 -1 -1 -1 -1 
339 55 511 161 21 23 -1 -1 -1 -1 
339 56 591 187 24 28 -1 -1 -1 -1 
340 55 512 162 21 19 -1 -1 -1 -1 
340 56 592 188 26 32 -1 -1 -1 -1 
341 55 513 158 22 22 -1 -1 -1 -1 
341 56 593 190 27 33 -1 -1 -1 -1 
342 55 515 157 20 22 -1 -1 -1 -1 
342 56 594 193 29 34 -1 -1 -1 -1 
343 54 517 149 20 30 -1 -1 -1 -1 
343 55 515 157 20 22 -1 -1 -1 -1 
344 54 518 150 19 27 -1 -1 -1 -1 
344 56 597 199 29 36 -1 -1 -1 -1 
345 54 518 151 19 24 -1 -1 -1 -1 
345 56 599 202 29 38 -1 -1 -1 -1 
346 54 519 151 18 22 -1 -1 -1 -1 
346 56 599 205 31 39 -1 -1 -1 -1 
347 54 520 150 17 21 -1 -1 -1 -1 
347 56 600 208 34 42 -1 -1 -1 -1 
348 54 521 147 18 24 -1 -1 -1 -1 
348 56 600 212 37 45 -1 -1 -1 -1 
349 54 522 146 17 24 -1 -1 -1 -1 
349 56 604 215 35 47 -1 -1 -1 -1 
350 54 523 146 16 23 -1 -1 -1 -1 
350 56 604 222 35 47 -1 -1 -1 -1 
351 54 523 146 17 22 -1 -1 -1 -1 
351 56 604 223 35 57 -1 -1 -1 -1 
352 54 524 147 16 21 -1 -1 -1 -1 
352 56 608 229 31 60 -1 -1 -1 -1 
352 62 1 253 209 222 -1 -1 -1 -1 
353 54 524 146 16 21 -1 -1 -1 -1 
353 56 608 229 31 60 -1 -1 -1 -1 
353 62 1 237 247 236 -1 -1 -1 -1 
354 54 524 146 16 21 -1 -1 -1 -1 
354 62 16 223 257 198 -1 -1 -1 -1 
355 62 77 211 219 184 -1 -1 -1 -1 
356 62 130 203 195 169 -1 -1 -1 -1 
357 62 173 197 178 149 -1 -1 -1 -1 
358 62 210 188 154 138 -1 -1 -1 -1 
359 62 244 187 135 120 -1 -1 -1 -1 
359 66 226 174 15 26 -1 -1 -1 -1 
360 62 272 182 119 118 -1 -1 -1 -1 
361 62 289 176 111 105 -1 -1 -1 -1 
362 62 314 174 92 94 -1 -1 -1 -1 
363 62 330 167 93 91 -1 -1 -1 -1 
364 62 345 167 87 81 -1 -1 -1 -1 
365 62 356 164 81 78 -1 -1 -1 -1 
366 62 356 164 81 78 -1 -1 -1 -1 
367 62 379 161 68 72 -1 -1 -1 -1 
367 69 380 162 68 71 -1 -1 -1 -1 
368 62 388 158 66 70 -1 -1 -1 -1 
369 62 396 157 64 66 -1 -1 -1 -1 
370 62 404 155 59 65 -1 -1 -1 -1 
371 62 411 155 56 57 -1 -1 -1 -1 
372 62 417 155 53 51 -1 -1 -1 -1 
373 62 424 154 49 49 -1 -1 -1 -1 
374 62 429 153 44 46 -1 -1 -1 -1 
375 62 433 152 48 47 -1 -1 -1 -1 
376 62 438 150 46 47 -1 -1 -1 -1 
377 54 596 167 14 13 -1 -1 -1 -1 
377 62 442 149 44 46 -1 -1 -1 -1 
378 54 596 167 14 13 -1 -1 -1 -1 
378 62 445 149 42 44 -1 -1 -1 -1 
379 54 596 168 14 13 -1 -1 -1 -1 
379 62 449 147 41 45 -1 -1 -1 -1 
380 54 597 168 13 14 -1 -1 -1 -1 
380 62 453 148 39 39 -1 -1 -1 -1 
381 54 597 168 14 15 -1 -1 -1 -1 
381 62 457 147 37 38 -1 -1 -1 -1 
382 54 597 168 14 16 -1 -1 -1 -1 
382 62 460 147 35 36 -1 -1 -1 -1 
383 54 597 168 15 17 -1 -1 -1 -1 
384 54 597 170 15 16 -1 -1 -1 -1 
385 54 598 172 16 16 -1 -1 -1 -1 
386 54 599 172 16 17 -1 -1 -1 -1 
386 62 472 144 31 32 -1 -1 -1 -1 
386 72 472 144 31 32 -1 -1 -1 -1 
387 54 600 173 15 18 -1 -1 -1 -1 
387 62 473 144 31 32 -1 -1 -1 -1 
387 72 475 143 29 33 -1 -1 -1 -1 
388 54 600 175 16 16 -1 -1 -1 -1 
388 62 473 144 31 32 -1 -1 -1 -1 
388 72 477 144 29 30 -1 -1 -1 -1 
389 54 601 175 16 17 -1 -1 -1 -1 
389 72 478 144 28 29 -1 -1 -1 -1 
389 73 113 323 182 128 -1 -1 -1 -1 
390 54 601 176 18 18 -1 -1 -1 -1 
390 72 481 143 25 29 -1 -1 -1 -1 
390 73 163 302 159 115 -1 -1 -1 -1 
391 54 602 176 18 21 -1 -1 -1 -1 
391 72 484 142 24 28 -1 -1 -1 -1 
391 73 205 284 141 102 -1 -1 -1 -1 
392 54 602 176 19 22 -1 -1 -1 -1 
392 72 485 142 25 27 -1 -1 -1 -1 
392 73 241 270 124 91 -1 -1 -1 -1 
393 54 603 177 19 23 -1 -1 -1 -1 
393 72 487 140 25 28 -1 -1 -1 -1 
393 73 272 255 112 87 -1 -1 -1 -1 
394 54 604 177 19 24 -1 -1 -1 -1 
394 72 487 140 25 28 -1 -1 -1 -1 
395 54 606 179 18 23 -1 -1 -1 -1 
395 72 492 141 22 24 -1 -1 -1 -1 
395 73 319 235 89 73 -1 -1 -1 -1 
396 54 607 183 17 19 -1 -1 -1 -1 
396 72 493 140 22 25 -1 -1 -1 -1 
396 73 339 228 80 65 -1 -1 -1 -1 
397 54 607 184 19 20 -1 -1 -1 -1 
397 72 494 139 22 25 -1 -1 -1 -1 
397 73 356 221 73 59 -1 -1 -1 -1 
398 54 607 184 20 21 -1 -1 -1 -1 
398 72 494 139 24 24 -1 -1 -1 -1 
398 73 369 213 69 59 -1 -1 -1 -1 
399 54 607 184 20 21 -1 -1 -1 -1 
399 72 497 139 20 23 -1 -1 -1 -1 
400 54 610 189 20 20 -1 -1 -1 -1 
400 72 497 139 20 23 -1 -1 -1 -1 
400 73 392 204 61 48 -1 -1 -1 -1 
401 54 611 189 22 23 -1 -1 -1 -1 
401 73 402 199 55 46 -1 -1 -1 -1 
402 54 611 189 22 23 -1 -1 -1 -1 
403 73 416 194 50 38 -1 -1 -1 -1 
404 73 425 189 47 39 -1 -1 -1 -1 
405 73 432 186 45 38 -1 -1 -1 -1 
406 54 582 157 14 19 -1 -1 -1 -1 
406 73 438 182 43 36 -1 -1 -1 -1 
407 54 582 157 15 21 -1 -1 -1 -1 
407 73 442 180 40 35 -1 -1 -1 -1 
408 54 583 160 15 19 -1 -1 -1 -1 
408 73 442 180 40 35 -1 -1 -1 -1 
409 54 584 161 15 20 -1 -1 -1 -1 
410 54 584 161 15 20 -1 -1 -1 -1 
411 54 585 163 15 20 -1 -1 -1 -1 
411 78 461 175 31 27 -1 -1 -1 -1 
412 54 585 163 15 21 -1 -1 -1 -1 
412 78 464 172 30 25 -1 -1 -1 -1 
413 54 585 163 15 23 -1 -1 -1 -1 
413 78 467 170 28 26 -1 -1 -1 -1 
414 54 586 166 15 22 -1 -1 -1 -1 
414 78 470 170 28 24 -1 -1 -1 -1 
415 54 586 166 16 23 -1 -1 -1 -1 
415 78 474 168 27 24 -1 -1 -1 -1 
416 54 586 167 17 24 -1 -1 -1 -1 
416 78 476 166 25 25 -1 -1 -1 -1 
417 54 586 169 18 23 -1 -1 -1 -1 
417 78 480 165 24 23 -1 -1 -1 -1 
418 54 586 169 18 23 -1 -1 -1 -1 
419 78 485 162 22 20 -1 -1 -1 -1 
420 78 488 161 20 20 -1 -1 -1 -1 
421 78 489 161 20 19 -1 -1 -1 -1 
422 54 589 175 20 29 -1 -1 -1 -1 
422 78 491 159 20 19 -1 -1 -1 -1 
423 54 589 176 21 30 -1 -1 -1 -1 
423 78 493 159 19 18 -1 -1 -1 -1 
424 54 589 178 22 30 -1 -1 -1 -1 
424 78 495 157 19 20 -1 -1 -1 -1 
425 54 589 177 24 34 -1 -1 -1 -1 
425 78 496 156 19 19 -1 -1 -1 -1 
426 54 590 179 25 34 -1 -1 -1 -1 
426 78 497 156 19 18 -1 -1 -1 -1 
427 54 591 180 26 38 -1 -1 -1 -1 
427 78 499 155 19 18 -1 -1 -1 -1 
428 54 592 182 26 41 -1 -1 -1 -1 
428 78 501 154 18 17 -1 -1 -1 -1 
429 54 593 185 28 41 -1 -1 -1 -1 
429 78 502 154 17 16 -1 -1 -1 -1 
430 54 594 190 28 39 -1 -1 -1 -1 
430 78 503 153 17 16 -1 -1 -1 -1 
431 54 595 192 28 41 -1 -1 -1 -1 
431 78 505 152 17 16 -1 -1 -1 -1 
432 54 597 192 28 45 -1 -1 -1 -1 
432 78 507 152 16 14 -1 -1 -1 -1 
433 54 598 197 31 46 -1 -1 -1 -1 
433 78 508 151 15 14 -1 -1 -1 -1 
433 82 114 358 218 120 -1 -1 -1 -1 
434 54 600 199 31 50 -1 -1 -1 -1 
434 78 509 150 15 14 -1 -1 -1 -1 
434 82 172 331 188 144 -1 -1 -1 -1 
435 54 600 203 33 51 -1 -1 -1 -1 
435 78 509 150 15 14 -1 -1 -1 -1 
435 82 221 309 160 127 -1 -1 -1 -1 
436 54 601 206 37 54 -1 -1 -1 -1 
436 78 510 148 16 14 -1 -1 -1 -1 
436 82 260 292 141 112 -1 -1 -1 -1 
437 54 603 208 36 58 -1 -1 -1 -1 
437 78 511 149 15 13 -1 -1 -1 -1 
437 82 292 268 125 108 -1 -1 -1 -1 
438 54 603 213 36 63 -1 -1 -1 -1 
438 78 511 149 16 13 -1 -1 -1 -1 
438 82 320 258 110 96 -1 -1 -1 -1 
439 54 605 219 34 67 -1 -1 -1 -1 
439 78 512 148 16 14 -1 -1 -1 -1 
439 82 345 250 98 89 -1 -1 -1 -1 
440 54 606 224 33 73 -1 -1 -1 -1 
440 78 513 148 16 13 -1 -1 -1 -1 
440 82 363 239 89 78 -1 -1 -1 -1 
441 54 608 231 31 76 -1 -1 -1 -1 
441 78 513 148 16 13 -1 -1 -1 -1 
441 82 379 231 80 72 -1 -1 -1 -1 
442 54 609 239 30 81 -1 -1 -1 -1 
442 78 515 147 15 13 -1 -1 -1 -1 
442 82 394 224 73 68 -1 -1 -1 -1 
443 54 609 239 30 81 -1 -1 -1 -1 
443 78 517 146 13 12 -1 -1 -1 -1 
444 78 519 146 11 12 -1 -1 -1 -1 
444 82 415 213 65 59 -1 -1 -1 -1 
445 78 519 146 11 12 -1 -1 -1 -1 
446 78 520 144 13 13 -1 -1 -1 -1 
446 82 433 204 56 49 -1 -1 -1 -1 
447 78 520 144 13 13 -1 -1 -1 -1 
448 78 590 157 13 12 -1 -1 -1 -1 
448 82 447 197 49 44 -1 -1 -1 -1 
449 78 591 157 14 12 -1 -1 -1 -1 
449 82 454 193 45 41 -1 -1 -1 -1 
450 78 592 158 14 12 -1 -1 -1 -1 
450 82 460 189 43 40 -1 -1 -1 -1 
451 78 593 158 13 13 -1 -1 -1 -1 
451 82 465 187 40 37 -1 -1 -1 -1 
452 78 594 160 12 13 -1 -1 -1 -1 
452 82 469 185 38 34 -1 -1 -1 -1 
453 78 594 160 12 13 -1 -1 -1 -1 
454 78 595 162 13 13 -1 -1 -1 -1 
454 82 477 181 34 30 -1 -1 -1 -1 
455 78 595 163 14 14 -1 -1 -1 -1 
455 82 477 181 34 30 -1 -1 -1 -1 
456 78 596 165 14 13 -1 -1 -1 -1 
456 82 484 177 30 27 -1 -1 -1 -1 
457 78 596 167 14 13 -1 -1 -1 -1 
457 82 484 177 30 27 -1 -1 -1 -1 
458 78 596 167 15 13 -1 -1 -1 -1 
459 78 597 167 14 14 -1 -1 -1 -1 
459 88 494 172 23 23 -1 -1 -1 -1 
460 78 597 169 14 13 -1 -1 -1 -1 
460 88 496 169 23 23 -1 -1 -1 -1 
461 78 598 170 14 12 -1 -1 -1 -1 
461 88 498 168 23 24 -1 -1 -1 -1 
462 78 598 171 15 13 -1 -1 -1 -1 
462 88 498 167 23 24 -1 -1 -1 -1 
463 78 599 171 15 14 -1 -1 -1 -1 
463 88 499 166 24 22 -1 -1 -1 -1 
464 78 600 173 15 14 -1 -1 -1 -1 
464 88 503 165 21 20 -1 -1 -1 -1 
465 78 600 174 16 16 -1 -1 -1 -1 
465 88 506 164 20 20 -1 -1 -1 -1 
466 78 600 174 17 17 -1 -1 -1 -1 
466 88 507 163 20 19 -1 -1 -1 -1 
467 78 601 176 18 16 -1 -1 -1 -1 
467 88 509 161 19 20 -1 -1 -1 -1 
468 78 603 177 18 17 -1 -1 -1 -1 
468 88 510 160 20 20 -1 -1 -1 -1 
469 78 603 176 19 21 -1 -1 -1 -1 
469 88 511 159 19 19 -1 -1 -1 -1 
469 90 0 281 159 149 -1 -1 -1 -1 
470 78 604 177 18 22 -1 -1 -1 -1 
470 88 512 159 20 18 -1 -1 -1 -1 
470 90 3 278 187 129 -1 -1 -1 -1 
471 78 605 177 18 24 -1 -1 -1 -1 
471 88 513 157 20 19 -1 -1 -1 -1 
471 90 35 265 177 126 -1 -1 -1 -1 
472 78 606 179 19 24 -1 -1 -1 -1 
472 88 515 156 19 19 -1 -1 -1 -1 
472 90 69 255 168 119 -1 -1 -1 -1 
473 78 607 183 20 20 -1 -1 -1 -1 
473 88 516 155 18 18 -1 -1 -1 -1 
473 90 101 249 157 106 -1 -1 -1 -1 
474 78 607 183 21 23 -1 -1 -1 -1 
474 88 517 155 18 17 -1 -1 -1 -1 
474 90 134 238 143 104 -1 -1 -1 -1 
475 78 610 189 22 20 -1 -1 -1 -1 
475 88 518 155 17 16 -1 -1 -1 -1 
475 90 157 232 138 97 -1 -1 -1 -1 
476 78 610 189 24 22 -1 -1 -1 -1 
476 88 519 155 17 15 -1 -1 -1 -1 
476 90 182 224 130 94 -1 -1 -1 -1 
476 91 137 368 200 109 -1 -1 -1 -1 
477 78 611 189 24 25 -1 -1 -1 -1 
477 88 519 152 18 17 -1 -1 -1 -1 
477 90 207 218 116 88 -1 -1 -1 -1 
477 91 200 337 168 134 -1 -1 -1 -1 
477 92 226 175 15 24 -1 -1 -1 -1 
478 78 612 189 26 28 -1 -1 -1 -1 
478 88 520 151 17 17 -1 -1 -1 -1 
478 90 227 213 113 82 -1 -1 -1 -1 
478 91 249 310 143 117 -1 -1 -1 -1 
479 78 615 192 24 29 -1 -1 -1 -1 
479 88 521 151 17 17 -1 -1 -1 -1 
479 90 248 206 102 80 -1 -1 -1 -1 
479 91 287 289 125 100 -1 -1 -1 -1 
479 92 226 175 15 24 -1 -1 -1 -1 
480 78 615 194 24 31 -1 -1 -1 -1 
480 88 523 150 16 16 -1 -1 -1 -1 
480 90 264 200 97 79 -1 -1 -1 -1 
480 91 319 269 108 91 -1 -1 -1 -1 
481 78 617 194 22 34 -1 -1 -1 -1 
481 88 523 149 16 16 -1 -1 -1 -1 
481 90 279 198 90 72 -1 -1 -1 -1 
481 91 345 257 97 80 -1 -1 -1 -1 
482 78 619 196 20 35 -1 -1 -1 -1 
482 88 523 149 16 16 -1 -1 -1 -1 
482 90 295 194 83 70 -1 -1 -1 -1 
483 78 621 198 18 35 -1 -1 -1 -1 
483 90 307 192 78 64 -1 -1 -1 -1 
483 91 384 236 77 66 -1 -1 -1 -1 
484 78 623 200 16 35 -1 -1 -1 -1 
484 88 526 147 17 14 -1 -1 -1 -1 
484 90 319 190 74 61 -1 -1 -1 -1 
484 91 400 226 68 62 -1 -1 -1 -1 
485 78 623 200 16 35 -1 -1 -1 -1 
485 88 528 146 15 13 -1 -1 -1 -1 
485 90 341 180 64 64 -1 -1 -1 -1 
485 91 422 211 58 55 -1 -1 -1 -1 
486 88 528 146 15 13 -1 -1 -1 -1 
486 90 350 177 62 61 -1 -1 -1 -1 
486 91 431 208 56 47 -1 -1 -1 -1 
486 92 227 175 14 24 -1 -1 -1 -1 
486 93 164 279 209 188 -1 -1 -1 -1 
487 88 530 146 14 13 -1 -1 -1 -1 
487 90 358 178 60 55 -1 -1 -1 -1 
487 91 439 203 52 44 -1 -1 -1 -1 
487 92 227 175 14 24 -1 -1 -1 -1 
488 88 530 146 14 12 -1 -1 -1 -1 
488 90 366 176 58 53 -1 -1 -1 -1 
488 91 445 199 49 42 -1 -1 -1 -1 
488 92 227 175 14 24 -1 -1 -1 -1 
488 93 264 246 153 144 -1 -1 -1 -1 
489 88 531 145 13 13 -1 -1 -1 -1 
489 90 373 177 56 48 -1 -1 -1 -1 
489 91 454 195 43 39 -1 -1 -1 -1 
489 92 227 175 14 24 -1 -1 -1 -1 
489 93 300 233 134 122 -1 -1 -1 -1 
490 88 532 145 12 11 -1 -1 -1 -1 
490 90 380 173 53 48 -1 -1 -1 -1 
490 91 460 191 39 37 -1 -1 -1 -1 
490 93 329 225 116 108 -1 -1 -1 -1 
491 88 532 144 12 12 -1 -1 -1 -1 
491 90 389 176 47 43 -1 -1 -1 -1 
491 91 465 189 36 33 -1 -1 -1 -1 
491 93 354 216 103 102 -1 -1 -1 -1 
492 88 532 143 12 13 -1 -1 -1 -1 
492 90 393 171 48 44 -1 -1 -1 -1 
492 91 469 186 37 31 -1 -1 -1 -1 
492 93 376 207 92 86 -1 -1 -1 -1 
493 88 533 144 12 11 -1 -1 -1 -1 
493 90 400 170 45 41 -1 -1 -1 -1 
493 91 469 186 37 31 -1 -1 -1 -1 
493 93 392 201 83 79 -1 -1 -1 -1 
493 96 392 201 81 83 -1 -1 -1 -1 
494 88 533 144 12 11 -1 -1 -1 -1 
494 90 405 170 43 38 -1 -1 -1 -1 
494 93 392 201 83 79 -1 -1 -1 -1 
495 90 410 171 43 35 -1 -1 -1 -1 
495 96 419 196 70 64 -1 -1 -1 -1 
495 97 480 178 31 29 -1 -1 -1 -1 
496 90 414 171 42 35 -1 -1 -1 -1 
496 96 427 190 65 63 -1 -1 -1 -1 
496 97 485 176 28 28 -1 -1 -1 -1 
497 90 419 166 37 37 -1 -1 -1 -1 
497 96 436 189 61 58 -1 -1 -1 -1 
497 97 487 174 27 25 -1 -1 -1 -1 
498 90 423 167 36 35 -1 -1 -1 -1 
498 96 446 186 54 55 -1 -1 -1 -1 
498 97 490 173 26 24 -1 -1 -1 -1 
499 90 423 167 36 35 -1 -1 -1 -1 
499 96 452 185 52 49 -1 -1 -1 -1 
500 96 458 182 49 46 -1 -1 -1 -1 
500 97 494 169 25 23 -1 -1 -1 -1 
501 96 464 180 44 44 -1 -1 -1 -1 
501 97 496 168 25 22 -1 -1 -1 -1 
502 96 467 176 44 45 -1 -1 -1 -1 
502 97 496 168 25 22 -1 -1 -1 -1 
503 96 472 174 43 41 -1 -1 -1 -1 
503 98 441 177 29 16 -1 -1 -1 -1 
504 96 476 173 38 39 -1 -1 -1 -1 
504 98 444 170 27 21 -1 -1 -1 -1 
505 78 446 163 29 26 -1 -1 -1 -1 
505 96 482 170 34 36 -1 -1 -1 -1 
505 98 444 170 27 21 -1 -1 -1 -1 
506 78 446 163 29 26 -1 -1 -1 -1 
506 96 486 168 33 35 -1 -1 -1 -1 
506 98 449 168 27 20 -1 -1 -1 -1 
506 99 509 161 16 16 -1 -1 -1 -1 
507 96 489 167 31 33 -1 -1 -1 -1 
507 98 452 170 26 16 -1 -1 -1 -1 
507 99 509 161 16 16 -1 -1 -1 -1 
508 78 454 160 27 25 -1 -1 -1 -1 
508 96 492 164 29 34 -1 -1 -1 -1 
508 98 452 170 26 16 -1 -1 -1 -1 
509 78 456 161 26 23 -1 -1 -1 -1 
509 96 494 164 28 31 -1 -1 -1 -1 
510 78 461 162 23 19 -1 -1 -1 -1 
510 96 497 162 27 30 -1 -1 -1 -1 
511 78 461 159 24 21 -1 -1 -1 -1 
511 96 500 159 27 30 -1 -1 -1 -1 
512 78 464 158 22 22 -1 -1 -1 -1 
512 96 503 157 25 29 -1 -1 -1 -1 
513 78 466 158 23 21 -1 -1 -1 -1 
513 96 503 157 26 28 -1 -1 -1 -1 
514 78 467 154 23 24 -1 -1 -1 -1 
514 96 506 155 24 27 -1 -1 -1 -1 
515 78 469 152 22 25 -1 -1 -1 -1 
515 96 509 153 21 28 -1 -1 -1 -1 
516 78 472 152 20 24 -1 -1 -1 -1 
516 96 510 153 21 27 -1 -1 -1 -1 
517 78 473 151 20 24 -1 -1 -1 -1 
517 96 511 152 20 26 -1 -1 -1 -1 
518 78 474 150 21 24 -1 -1 -1 -1 
518 96 512 151 20 26 -1 -1 -1 -1 
519 78 476 151 20 22 -1 -1 -1 -1 
519 96 514 151 18 24 -1 -1 -1 -1 
520 78 478 151 20 20 -1 -1 -1 -1 
520 96 515 151 18 23 -1 -1 -1 -1 
521 78 479 153 19 18 -1 -1 -1 -1 
521 96 516 150 18 22 -1 -1 -1 -1 
522 78 480 152 19 18 -1 -1 -1 -1 
522 96 518 148 17 23 -1 -1 -1 -1 
523 78 483 150 18 19 -1 -1 -1 -1 
523 96 519 148 16 21 -1 -1 -1 -1 
524 78 484 151 18 18 -1 -1 -1 -1 
524 96 520 148 15 21 -1 -1 -1 -1 
525 78 485 150 18 18 -1 -1 -1 -1 
525 96 521 148 15 20 -1 -1 -1 -1 
526 78 485 150 18 18 -1 -1 -1 -1 
527 96 522 147 15 19 -1 -1 -1 -1 
528 96 523 145 15 19 -1 -1 -1 -1 
529 96 525 144 13 19 -1 -1 -1 -1 
533 96 525 144 13 19 -1 -1 -1 -1 
536 78 496 147 15 14 -1 -1 -1 -1 
536 104 0 322 158 115 -1 -1 -1 -1 
537 78 497 146 15 14 -1 -1 -1 -1 
537 104 38 305 156 105 -1 -1 -1 -1 
538 78 497 146 15 14 -1 -1 -1 -1 
539 78 499 146 13 14 -1 -1 -1 -1 
539 104 120 277 134 87 -1 -1 -1 -1 
540 78 501 147 12 12 -1 -1 -1 -1 
540 104 156 265 122 80 -1 -1 -1 -1 
541 78 502 146 12 13 -1 -1 -1 -1 
541 104 187 258 112 70 -1 -1 -1 -1 
542 78 502 146 12 13 -1 -1 -1 -1 
542 104 214 247 104 66 -1 -1 -1 -1 
542 106 267 261 155 139 -1 -1 -1 -1 
543 78 502 146 12 13 -1 -1 -1 -1 
543 104 238 238 97 61 -1 -1 -1 -1 
544 104 262 230 88 57 -1 -1 -1 -1 
544 106 313 241 131 118 -1 -1 -1 -1 
545 78 504 145 12 13 -1 -1 -1 -1 
545 104 282 224 80 52 -1 -1 -1 -1 
545 106 333 237 118 107 -1 -1 -1 -1 
546 78 504 145 12 13 -1 -1 -1 -1 
546 104 300 214 73 53 -1 -1 -1 -1 
547 104 315 212 70 48 -1 -1 -1 -1 
547 106 366 224 96 92 -1 -1 -1 -1 
548 104 330 207 64 45 -1 -1 -1 -1 
548 106 380 219 90 86 -1 -1 -1 -1 
549 104 342 202 61 43 -1 -1 -1 -1 
549 106 390 214 85 79 -1 -1 -1 -1 
550 104 354 197 58 42 -1 -1 -1 -1 
550 106 400 212 75 71 -1 -1 -1 -1 
551 104 365 195 54 39 -1 -1 -1 -1 
551 106 409 211 68 65 -1 -1 -1 -1 
552 104 374 192 50 36 -1 -1 -1 -1 
552 106 419 212 63 58 -1 -1 -1 -1 
553 78 509 140 12 14 -1 -1 -1 -1 
553 104 383 189 49 34 -1 -1 -1 -1 
553 106 424 206 61 59 -1 -1 -1 -1 
554 78 509 140 12 14 -1 -1 -1 -1 
554 104 392 187 45 33 -1 -1 -1 -1 
555 104 399 186 44 30 -1 -1 -1 -1 
555 106 435 198 56 53 -1 -1 -1 -1 
556 104 405 181 41 30 -1 -1 -1 -1 
556 106 440 195 53 51 -1 -1 -1 -1 
557 104 413 179 38 30 -1 -1 -1 -1 
557 106 446 194 49 48 -1 -1 -1 -1 
558 104 418 179 36 26 -1 -1 -1 -1 
558 106 450 196 47 41 -1 -1 -1 -1 
559 104 423 175 34 27 -1 -1 -1 -1 
559 106 456 191 44 42 -1 -1 -1 -1 
560 104 429 175 33 25 -1 -1 -1 -1 
560 106 460 186 42 43 -1 -1 -1 -1 
561 104 432 173 33 24 -1 -1 -1 -1 
561 106 465 183 37 43 -1 -1 -1 -1 
562 104 438 171 29 23 -1 -1 -1 -1 
562 106 468 184 38 39 -1 -1 -1 -1 
563 104 443 169 26 23 -1 -1 -1 -1 
563 106 469 180 39 39 -1 -1 -1 -1 
564 104 445 169 29 22 -1 -1 -1 -1 
564 106 473 178 34 35 -1 -1 -1 -1 
565 104 451 167 26 21 -1 -1 -1 -1 
565 106 476 174 34 38 -1 -1 -1 -1 
566 104 454 166 25 20 -1 -1 -1 -1 
566 106 478 174 33 36 -1 -1 -1 -1 
567 104 456 165 25 19 -1 -1 -1 -1 
567 106 480 174 32 34 -1 -1 -1 -1 
568 104 460 164 25 18 -1 -1 -1 -1 
568 106 483 172 30 34 -1 -1 -1 -1 
569 104 463 162 23 19 -1 -1 -1 -1 
569 106 484 171 30 33 -1 -1 -1 -1 
570 104 466 161 22 19 -1 -1 -1 -1 
570 106 487 170 28 32 -1 -1 -1 -1 
571 104 468 160 21 17 -1 -1 -1 -1 
571 106 490 168 27 32 -1 -1 -1 -1 
572 104 472 159 20 18 -1 -1 -1 -1 
572 106 491 167 26 30 -1 -1 -1 -1 
573 104 474 158 21 17 -1 -1 -1 -1 
573 106 493 166 26 30 -1 -1 -1 -1 
574 104 476 156 19 18 -1 -1 -1 -1 
574 106 494 165 26 29 -1 -1 -1 -1 
575 104 479 156 19 17 -1 -1 -1 -1 
575 106 496 164 25 30 -1 -1 -1 -1 
576 104 480 156 19 16 -1 -1 -1 -1 
576 106 498 163 24 26 -1 -1 -1 -1 
577 104 482 155 19 15 -1 -1 -1 -1 
577 106 499 162 24 26 -1 -1 -1 -1 
578 104 484 154 18 16 -1 -1 -1 -1 
578 106 500 160 23 29 -1 -1 -1 -1 
579 104 486 153 18 17 -1 -1 -1 -1 
579 106 502 160 22 27 -1 -1 -1 -1 
580 104 487 153 18 16 -1 -1 -1 -1 
580 106 504 159 22 26 -1 -1 -1 -1 
581 104 489 152 17 15 -1 -1 -1 -1 
581 106 504 158 22 25 -1 -1 -1 -1 
582 104 491 152 16 13 -1 -1 -1 -1 
582 106 505 158 22 24 -1 -1 -1 -1 
583 104 492 153 17 11 -1 -1 -1 -1 
583 106 507 158 20 23 -1 -1 -1 -1 
584 104 495 152 14 10 -1 -1 -1 -1 
584 106 508 157 19 25 -1 -1 -1 -1 
584 110 66 367 201 111 -1 -1 -1 -1 
585 104 497 152 13 9 -1 -1 -1 -1 
585 106 510 154 18 27 -1 -1 -1 -1 
585 110 122 341 173 132 -1 -1 -1 -1 
586 104 497 150 14 11 -1 -1 -1 -1 
586 106 510 155 19 26 -1 -1 -1 -1 
586 110 167 318 154 121 -1 -1 -1 -1 
587 104 499 149 12 11 -1 -1 -1 -1 
587 106 511 153 19 27 -1 -1 -1 -1 
587 110 203 299 140 106 -1 -1 -1 -1 
588 104 501 148 12 11 -1 -1 -1 -1 
588 106 513 152 18 24 -1 -1 -1 -1 
588 110 263 267 115 91 -1 -1 -1 -1 
589 104 502 148 12 11 -1 -1 -1 -1 
589 106 514 152 17 22 -1 -1 -1 -1 
589 110 287 255 102 82 -1 -1 -1 -1 
590 104 502 148 14 12 -1 -1 -1 -1 
590 106 513 150 19 23 -1 -1 -1 -1 
590 110 308 246 91 72 -1 -1 -1 -1 
591 104 502 148 14 12 -1 -1 -1 -1 
591 106 514 149 18 23 -1 -1 -1 -1 
592 106 515 149 18 22 -1 -1 -1 -1 
592 110 342 229 76 63 -1 -1 -1 -1 
593 106 516 150 17 20 -1 -1 -1 -1 
593 110 356 223 69 56 -1 -1 -1 -1 
594 106 516 149 18 21 -1 -1 -1 -1 
594 110 367 215 65 54 -1 -1 -1 -1 
595 106 518 148 16 22 -1 -1 -1 -1 
595 110 377 211 62 52 -1 -1 -1 -1 
596 106 519 149 16 20 -1 -1 -1 -1 
596 110 386 206 59 47 -1 -1 -1 -1 
597 106 520 149 15 19 -1 -1 -1 -1 
597 110 394 203 56 44 -1 -1 -1 -1 
598 106 520 149 15 18 -1 -1 -1 -1 
598 110 401 198 53 43 -1 -1 -1 -1 
599 106 521 148 14 18 -1 -1 -1 -1 
599 110 409 196 47 39 -1 -1 -1 -1 
600 106 520 147 16 19 -1 -1 -1 -1 
600 110 414 192 47 37 -1 -1 -1 -1 
601 106 521 146 16 19 -1 -1 -1 -1 
601 110 420 189 44 37 -1 -1 -1 -1 
602 106 522 145 15 20 -1 -1 -1 -1 
602 110 426 187 41 34 -1 -1 -1 -1 
603 106 523 148 14 17 -1 -1 -1 -1 
603 110 430 186 39 32 -1 -1 -1 -1 
604 106 524 148 13 16 -1 -1 -1 -1 
604 110 436 182 34 30 -1 -1 -1 -1 
605 106 524 149 13 14 -1 -1 -1 -1 
605 110 440 179 34 30 -1 -1 -1 -1 
605 113 0 291 159 157 -1 -1 -1 -1 
606 106 525 148 13 15 -1 -1 -1 -1 
606 110 443 177 34 29 -1 -1 -1 -1 
606 113 2 281 188 142 -1 -1 -1 -1 
607 106 524 145 14 15 -1 -1 -1 -1 
607 110 446 176 34 27 -1 -1 -1 -1 
607 113 29 267 190 134 -1 -1 -1 -1 
608 106 525 144 14 15 -1 -1 -1 -1 
608 110 450 174 32 27 -1 -1 -1 -1 
608 113 26 248 219 133 -1 -1 -1 -1 
609 106 525 144 14 14 -1 -1 -1 -1 
609 110 453 172 31 26 -1 -1 -1 -1 
609 113 71 242 195 118 -1 -1 -1 -1 
610 106 525 144 14 14 -1 -1 -1 -1 
610 110 455 172 30 24 -1 -1 -1 -1 
611 106 593 158 13 13 -1 -1 -1 -1 
611 110 458 169 28 23 -1 -1 -1 -1 
611 113 132 216 175 113 -1 -1 -1 -1 
612 106 593 158 13 13 -1 -1 -1 -1 
612 110 461 166 27 25 -1 -1 -1 -1 
613 106 528 144 13 14 -1 -1 -1 -1 
613 110 465 166 24 23 -1 -1 -1 -1 
613 113 187 209 151 94 -1 -1 -1 -1 
614 106 528 144 13 14 -1 -1 -1 -1 
614 110 466 165 24 21 -1 -1 -1 -1 
615 110 467 163 25 21 -1 -1 -1 -1 
615 113 249 210 108 72 -1 -1 -1 -1 
616 110 470 163 24 18 -1 -1 -1 -1 
616 113 272 206 94 67 -1 -1 -1 -1 
617 106 597 164 13 15 -1 -1 -1 -1 
617 110 473 161 24 20 -1 -1 -1 -1 
617 113 290 195 88 69 -1 -1 -1 -1 
618 104 576 148 12 11 -1 -1 -1 -1 
618 106 597 165 13 15 -1 -1 -1 -1 
618 110 475 159 23 20 -1 -1 -1 -1 
618 113 310 193 77 65 -1 -1 -1 -1 
619 104 577 148 12 13 -1 -1 -1 -1 
619 106 597 166 13 14 -1 -1 -1 -1 
619 110 477 158 22 20 -1 -1 -1 -1 
619 113 319 189 77 63 -1 -1 -1 -1 
620 104 577 148 12 13 -1 -1 -1 -1 
620 106 597 166 14 15 -1 -1 -1 -1 
620 110 479 157 20 18 -1 -1 -1 -1 
620 113 326 188 75 58 -1 -1 -1 -1 
621 104 577 149 12 12 -1 -1 -1 -1 
621 106 597 168 14 14 -1 -1 -1 -1 
621 110 482 156 20 18 -1 -1 -1 -1 
621 113 343 188 65 53 -1 -1 -1 -1 
621 114 207 348 161 129 -1 -1 -1 -1 
622 104 578 150 12 12 -1 -1 -1 -1 
622 106 598 168 14 15 -1 -1 -1 -1 
622 110 483 156 20 17 -1 -1 -1 -1 
622 113 351 178 65 57 -1 -1 -1 -1 
622 114 245 327 142 116 -1 -1 -1 -1 
623 104 579 151 11 12 -1 -1 -1 -1 
623 106 599 170 14 13 -1 -1 -1 -1 
623 110 484 155 21 17 -1 -1 -1 -1 
623 113 358 180 65 51 -1 -1 -1 -1 
623 114 276 308 129 107 -1 -1 -1 -1 
624 104 579 152 12 12 -1 -1 -1 -1 
624 106 600 172 14 13 -1 -1 -1 -1 
624 110 486 154 20 17 -1 -1 -1 -1 
624 113 366 178 63 49 -1 -1 -1 -1 
624 114 305 293 115 95 -1 -1 -1 -1 
625 104 578 153 14 13 -1 -1 -1 -1 
625 106 601 172 15 15 -1 -1 -1 -1 
625 110 488 153 19 17 -1 -1 -1 -1 
625 113 375 177 58 47 -1 -1 -1 -1 
625 114 327 276 104 89 -1 -1 -1 -1 
626 104 579 154 13 13 -1 -1 -1 -1 
626 106 600 173 17 15 -1 -1 -1 -1 
626 110 488 153 20 17 -1 -1 -1 -1 
626 113 384 176 51 43 -1 -1 -1 -1 
626 114 348 264 93 83 -1 -1 -1 -1 
627 104 578 155 15 13 -1 -1 -1 -1 
627 106 602 176 17 14 -1 -1 -1 -1 
627 110 491 153 18 16 -1 -1 -1 -1 
627 113 391 174 50 42 -1 -1 -1 -1 
627 114 365 256 85 72 -1 -1 -1 -1 
628 104 579 155 13 14 -1 -1 -1 -1 
628 106 603 176 17 16 -1 -1 -1 -1 
628 110 493 152 17 16 -1 -1 -1 -1 
628 113 397 176 48 36 -1 -1 -1 -1 
628 114 379 248 79 67 -1 -1 -1 -1 
629 104 579 156 15 13 -1 -1 -1 -1 
629 106 604 178 17 15 -1 -1 -1 -1 
629 110 494 152 16 15 -1 -1 -1 -1 
629 113 397 176 48 36 -1 -1 -1 -1 
630 104 580 157 14 13 -1 -1 -1 -1 
630 106 606 177 16 18 -1 -1 -1 -1 
630 110 495 152 17 13 -1 -1 -1 -1 
630 113 409 170 43 37 -1 -1 -1 -1 
630 114 403 233 68 59 -1 -1 -1 -1 
631 104 581 157 14 15 -1 -1 -1 -1 
631 106 606 178 17 20 -1 -1 -1 -1 
631 110 497 153 16 11 -1 -1 -1 -1 
631 113 414 171 42 33 -1 -1 -1 -1 
631 114 412 227 66 56 -1 -1 -1 -1 
632 104 582 159 13 15 -1 -1 -1 -1 
632 106 607 178 16 22 -1 -1 -1 -1 
632 110 498 152 15 11 -1 -1 -1 -1 
632 113 418 171 43 30 -1 -1 -1 -1 
632 114 422 222 60 51 -1 -1 -1 -1 
633 104 582 160 14 15 -1 -1 -1 -1 
633 106 607 182 19 19 -1 -1 -1 -1 
633 110 498 152 16 11 -1 -1 -1 -1 
633 113 422 169 41 31 -1 -1 -1 -1 
633 114 430 215 55 51 -1 -1 -1 -1 
634 104 582 161 14 16 -1 -1 -1 -1 
634 106 608 185 19 18 -1 -1 -1 -1 
634 110 500 151 15 11 -1 -1 -1 -1 
634 113 425 166 40 33 -1 -1 -1 -1 
634 114 436 212 53 46 -1 -1 -1 -1 
635 104 582 161 15 17 -1 -1 -1 -1 
635 106 610 187 18 19 -1 -1 -1 -1 
635 110 502 150 14 12 -1 -1 -1 -1 
635 113 431 165 36 32 -1 -1 -1 -1 
635 114 442 209 48 42 -1 -1 -1 -1 
636 104 583 163 14 16 -1 -1 -1 -1 
636 106 611 189 20 19 -1 -1 -1 -1 
636 110 503 149 13 12 -1 -1 -1 -1 
636 113 436 165 32 30 -1 -1 -1 -1 
636 114 450 205 46 41 -1 -1 -1 -1 
637 104 583 164 14 16 -1 -1 -1 -1 
637 106 612 190 20 20 -1 -1 -1 -1 
637 110 503 149 14 11 -1 -1 -1 -1 
637 113 439 163 31 30 -1 -1 -1 -1 
637 114 455 202 44 40 -1 -1 -1 -1 
638 104 583 166 15 15 -1 -1 -1 -1 
638 106 613 189 21 24 -1 -1 -1 -1 
638 110 505 149 13 10 -1 -1 -1 -1 
638 113 442 164 32 28 -1 -1 -1 -1 
638 114 459 198 41 38 -1 -1 -1 -1 
639 104 584 167 15 15 -1 -1 -1 -1 
639 106 615 190 22 26 -1 -1 -1 -1 
639 110 506 148 14 10 -1 -1 -1 -1 
639 113 446 163 30 27 -1 -1 -1 -1 
639 114 464 194 38 37 -1 -1 -1 -1 
640 104 585 167 14 17 -1 -1 -1 -1 
640 106 618 192 20 27 -1 -1 -1 -1 
640 110 506 148 14 10 -1 -1 -1 -1 
640 113 450 162 28 26 -1 -1 -1 -1 
641 104 586 167 13 17 -1 -1 -1 -1 
641 106 618 192 20 27 -1 -1 -1 -1 
641 110 508 146 14 10 -1 -1 -1 -1 
641 113 453 158 27 27 -1 -1 -1 -1 
642 104 586 168 14 19 -1 -1 -1 -1 
642 110 508 145 14 10 -1 -1 -1 -1 
642 113 455 158 27 26 -1 -1 -1 -1 
642 114 474 188 33 31 -1 -1 -1 -1 
643 104 586 169 15 19 -1 -1 -1 -1 
643 110 509 145 13 10 -1 -1 -1 -1 
643 113 458 156 26 26 -1 -1 -1 -1 
643 114 477 186 31 29 -1 -1 -1 -1 
644 104 586 170 16 20 -1 -1 -1 -1 
644 110 511 144 12 10 -1 -1 -1 -1 
644 113 460 157 26 25 -1 -1 -1 -1 
644 114 479 184 32 28 -1 -1 -1 -1 
645 104 588 174 16 18 -1 -1 -1 -1 
645 110 511 144 12 10 -1 -1 -1 -1 
645 113 462 157 24 23 -1 -1 -1 -1 
645 114 482 183 30 27 -1 -1 -1 -1 
646 104 588 175 17 18 -1 -1 -1 -1 
646 113 464 157 23 22 -1 -1 -1 -1 
646 114 485 180 29 26 -1 -1 -1 -1 
646 116 627 207 12 28 -1 -1 -1 -1 
647 104 588 174 18 21 -1 -1 -1 -1 
647 113 467 153 22 23 -1 -1 -1 -1 
647 114 488 179 26 25 -1 -1 -1 -1 
648 104 589 176 18 22 -1 -1 -1 -1 
648 113 469 153 24 23 -1 -1 -1 -1 
648 114 491 176 25 25 -1 -1 -1 -1 
649 104 588 176 20 25 -1 -1 -1 -1 
649 113 471 151 22 23 -1 -1 -1 -1 
649 114 493 174 26 25 -1 -1 -1 -1 
650 104 589 177 20 26 -1 -1 -1 -1 
650 113 474 151 20 22 -1 -1 -1 -1 
650 114 494 172 26 25 -1 -1 -1 -1 
651 104 590 180 20 25 -1 -1 -1 -1 
651 113 477 150 18 22 -1 -1 -1 -1 
651 114 497 172 24 23 -1 -1 -1 -1 
652 104 590 181 21 26 -1 -1 -1 -1 
652 113 479 150 18 21 -1 -1 -1 -1 
652 114 498 171 23 22 -1 -1 -1 -1 
653 104 592 184 21 27 -1 -1 -1 -1 
653 113 479 150 18 20 -1 -1 -1 -1 
653 114 498 169 25 23 -1 -1 -1 -1 
654 104 593 185 20 28 -1 -1 -1 -1 
654 113 481 152 17 18 -1 -1 -1 -1 
654 114 499 169 24 21 -1 -1 -1 -1 
655 104 594 185 22 33 -1 -1 -1 -1 
655 113 483 147 18 22 -1 -1 -1 -1 
655 114 500 168 24 20 -1 -1 -1 -1 
656 104 595 188 23 32 -1 -1 -1 -1 
656 113 484 147 18 20 -1 -1 -1 -1 
656 114 503 166 22 20 -1 -1 -1 -1 
657 104 594 193 28 33 -1 -1 -1 -1 
657 113 486 146 17 20 -1 -1 -1 -1 
657 114 505 165 21 20 -1 -1 -1 -1 
658 104 596 196 26 34 -1 -1 -1 -1 
658 113 487 146 17 20 -1 -1 -1 -1 
658 114 506 164 20 19 -1 -1 -1 -1 
659 104 598 198 26 34 -1 -1 -1 -1 
659 113 488 145 17 20 -1 -1 -1 -1 
659 114 508 163 19 18 -1 -1 -1 -1 
660 104 599 201 27 36 -1 -1 -1 -1 
660 113 489 145 17 19 -1 -1 -1 -1 
660 114 509 162 18 19 -1 -1 -1 -1 
661 104 599 204 30 38 -1 -1 -1 -1 
661 113 491 145 16 18 -1 -1 -1 -1 
661 114 510 161 19 19 -1 -1 -1 -1 
662 104 601 208 30 37 -1 -1 -1 -1 
662 113 492 145 16 18 -1 -1 -1 -1 
662 114 511 160 19 18 -1 -1 -1 -1 
663 104 601 211 34 44 -1 -1 -1 -1 
663 113 493 145 15 17 -1 -1 -1 -1 
663 114 511 160 19 17 -1 -1 -1 -1 
664 104 604 213 34 45 -1 -1 -1 -1 
664 113 494 144 16 18 -1 -1 -1 -1 
664 114 512 160 18 16 -1 -1 -1 -1 
665 104 604 216 35 50 -1 -1 -1 -1 
665 113 496 144 15 17 -1 -1 -1 -1 
665 114 512 159 20 16 -1 -1 -1 -1 
666 104 607 221 32 54 -1 -1 -1 -1 
666 113 497 144 14 16 -1 -1 -1 -1 
666 114 512 158 21 16 -1 -1 -1 -1 
667 104 609 224 30 58 -1 -1 -1 -1 
667 113 498 144 14 16 -1 -1 -1 -1 
667 114 514 156 18 17 -1 -1 -1 -1 
668 104 611 231 28 60 -1 -1 -1 -1 
668 113 499 144 14 15 -1 -1 -1 -1 
668 114 514 156 18 16 -1 -1 -1 -1 
668 118 611 233 28 58 -1 -1 -1 -1 
669 104 613 238 26 63 -1 -1 -1 -1 
669 113 499 143 15 16 -1 -1 -1 -1 
669 114 516 154 18 16 -1 -1 -1 -1 
670 104 615 246 24 65 -1 -1 -1 -1 
670 113 501 142 13 17 -1 -1 -1 -1 
670 114 517 154 17 16 -1 -1 -1 -1 
671 104 615 246 24 65 -1 -1 -1 -1 
671 113 502 143 13 15 -1 -1 -1 -1 
671 114 517 153 18 16 -1 -1 -1 -1 
672 113 502 143 13 15 -1 -1 -1 -1 
672 114 519 154 16 14 -1 -1 -1 -1 
673 114 520 153 16 14 -1 -1 -1 -1 
673 120 1 298 166 145 -1 -1 -1 -1 
674 114 520 152 16 14 -1 -1 -1 -1 
674 120 27 281 177 135 -1 -1 -1 -1 
675 114 521 151 16 14 -1 -1 -1 -1 
675 120 72 268 163 122 -1 -1 -1 -1 
676 114 521 151 16 14 -1 -1 -1 -1 
676 120 112 254 150 113 -1 -1 -1 -1 
677 114 521 151 17 13 -1 -1 -1 -1 
677 120 150 243 138 102 -1 -1 -1 -1 
678 113 507 138 14 15 -1 -1 -1 -1 
678 114 522 149 15 12 -1 -1 -1 -1 
678 120 184 232 124 96 -1 -1 -1 -1 
679 113 508 138 14 15 -1 -1 -1 -1 
679 114 522 149 15 12 -1 -1 -1 -1 
680 113 509 138 13 15 -1 -1 -1 -1 
680 114 524 146 14 14 -1 -1 -1 -1 
680 120 238 215 105 84 -1 -1 -1 -1 
681 113 510 139 12 13 -1 -1 -1 -1 
681 114 524 146 14 14 -1 -1 -1 -1 
682 113 511 138 11 14 -1 -1 -1 -1 
682 120 280 205 89 70 -1 -1 -1 -1 
683 113 512 138 11 13 -1 -1 -1 -1 
683 120 298 201 82 65 -1 -1 -1 -1 
684 113 512 138 11 13 -1 -1 -1 -1 
685 120 313 193 76 66 -1 -1 -1 -1 
687 104 467 153 25 23 -1 -1 -1 -1 
687 123 447 202 50 41 -1 -1 -1 -1 
687 125 604 178 19 23 -1 -1 -1 -1 
688 104 471 152 22 23 -1 -1 -1 -1 
688 123 455 198 44 39 -1 -1 -1 -1 
688 125 607 181 18 21 -1 -1 -1 -1 
689 104 472 152 24 22 -1 -1 -1 -1 
689 123 461 194 42 37 -1 -1 -1 -1 
689 125 607 183 20 21 -1 -1 -1 -1 
690 104 475 152 22 21 -1 -1 -1 -1 
690 123 466 192 38 35 -1 -1 -1 -1 
690 125 607 184 21 22 -1 -1 -1 -1 
691 104 478 152 21 20 -1 -1 -1 -1 
691 123 471 188 35 33 -1 -1 -1 -1 
691 125 610 189 21 19 -1 -1 -1 -1 
692 104 479 151 20 20 -1 -1 -1 -1 
692 123 475 186 32 32 -1 -1 -1 -1 
692 125 610 190 23 21 -1 -1 -1 -1 
693 104 480 150 21 20 -1 -1 -1 -1 
693 123 478 184 32 29 -1 -1 -1 -1 
693 125 611 190 23 24 -1 -1 -1 -1 
694 104 482 150 19 18 -1 -1 -1 -1 
694 123 482 181 30 30 -1 -1 -1 -1 
694 125 612 190 24 25 -1 -1 -1 -1 
695 104 484 149 19 18 -1 -1 -1 -1 
695 123 486 179 28 26 -1 -1 -1 -1 
695 125 614 196 24 24 -1 -1 -1 -1 
696 104 485 150 18 16 -1 -1 -1 -1 
696 123 489 177 26 26 -1 -1 -1 -1 
696 125 617 197 22 26 -1 -1 -1 -1 
697 104 486 148 18 18 -1 -1 -1 -1 
697 123 491 175 26 24 -1 -1 -1 -1 
697 125 618 197 21 29 -1 -1 -1 -1 
698 104 489 147 16 17 -1 -1 -1 -1 
698 113 589 159 10 11 -1 -1 -1 -1 
698 123 494 173 25 24 -1 -1 -1 -1 
698 125 619 199 20 30 -1 -1 -1 -1 
699 104 490 147 18 17 -1 -1 -1 -1 
699 113 590 159 9 11 -1 -1 -1 -1 
699 123 498 172 23 23 -1 -1 -1 -1 
699 125 620 200 19 31 -1 -1 -1 -1 
700 104 491 147 18 16 -1 -1 -1 -1 
700 113 590 159 10 12 -1 -1 -1 -1 
700 123 499 170 23 22 -1 -1 -1 -1 
700 125 622 202 17 31 -1 -1 -1 -1 
701 104 492 147 18 15 -1 -1 -1 -1 
701 113 591 160 9 12 -1 -1 -1 -1 
701 123 498 169 25 21 -1 -1 -1 -1 
701 125 624 210 15 26 -1 -1 -1 -1 
702 104 493 146 17 16 -1 -1 -1 -1 
702 113 591 161 9 12 -1 -1 -1 -1 
702 123 500 167 24 21 -1 -1 -1 -1 
703 104 495 146 15 14 -1 -1 -1 -1 
703 113 590 161 10 12 -1 -1 -1 -1 
703 123 504 166 21 19 -1 -1 -1 -1 
704 104 496 146 15 14 -1 -1 -1 -1 
704 113 591 164 10 10 -1 -1 -1 -1 
704 123 506 164 20 20 -1 -1 -1 -1 
705 104 498 146 15 13 -1 -1 -1 -1 
705 113 592 165 9 11 -1 -1 -1 -1 
705 123 508 163 19 18 -1 -1 -1 -1 
706 104 500 146 13 13 -1 -1 -1 -1 
706 113 590 165 13 13 -1 -1 -1 -1 
706 123 510 162 19 18 -1 -1 -1 -1 
707 104 501 146 12 12 -1 -1 -1 -1 
707 113 590 166 14 13 -1 -1 -1 -1 
707 123 510 161 20 18 -1 -1 -1 -1 
708 104 501 146 14 11 -1 -1 -1 -1 
708 113 590 166 15 14 -1 -1 -1 -1 
708 123 512 160 18 17 -1 -1 -1 -1 
708 126 156 344 167 128 -1 -1 -1 -1 
709 104 502 146 14 11 -1 -1 -1 -1 
709 113 591 167 14 14 -1 -1 -1 -1 
709 123 512 159 19 17 -1 -1 -1 -1 
709 126 215 312 141 110 -1 -1 -1 -1 
710 104 503 145 14 12 -1 -1 -1 -1 
710 113 592 168 14 14 -1 -1 -1 -1 
710 123 512 158 21 17 -1 -1 -1 -1 
710 126 264 290 119 92 -1 -1 -1 -1 
711 104 505 145 12 11 -1 -1 -1 -1 
711 113 592 168 15 16 -1 -1 -1 -1 
711 123 515 157 19 17 -1 -1 -1 -1 
711 126 303 268 101 84 -1 -1 -1 -1 
712 104 505 145 12 11 -1 -1 -1 -1 
712 113 592 169 15 16 -1 -1 -1 -1 
712 123 516 157 18 16 -1 -1 -1 -1 
713 113 592 170 16 17 -1 -1 -1 -1 
713 123 516 157 18 14 -1 -1 -1 -1 
713 126 359 242 77 62 -1 -1 -1 -1 
714 113 592 171 17 17 -1 -1 -1 -1 
714 123 517 157 17 13 -1 -1 -1 -1 
714 126 381 230 66 57 -1 -1 -1 -1 
715 104 508 143 12 10 -1 -1 -1 -1 
715 113 592 172 17 17 -1 -1 -1 -1 
715 123 519 157 16 12 -1 -1 -1 -1 
715 126 395 220 61 51 -1 -1 -1 -1 
715 128 395 220 62 50 -1 -1 -1 -1 
716 104 510 143 11 11 -1 -1 -1 -1 
716 113 593 172 16 19 -1 -1 -1 -1 
716 123 520 155 15 13 -1 -1 -1 -1 
716 126 408 211 57 50 -1 -1 -1 -1 
717 104 511 142 12 11 -1 -1 -1 -1 
717 113 593 175 17 17 -1 -1 -1 -1 
717 123 521 153 15 14 -1 -1 -1 -1 
717 126 419 208 53 43 -1 -1 -1 -1 
718 104 511 142 11 12 -1 -1 -1 -1 
718 113 594 176 16 18 -1 -1 -1 -1 
718 123 521 151 16 15 -1 -1 -1 -1 
718 126 431 203 47 40 -1 -1 -1 -1 
719 104 512 140 12 12 -1 -1 -1 -1 
719 113 594 176 16 20 -1 -1 -1 -1 
719 123 521 150 17 16 -1 -1 -1 -1 
719 126 439 197 44 37 -1 -1 -1 -1 
720 104 512 139 12 13 -1 -1 -1 -1 
720 113 594 177 17 21 -1 -1 -1 -1 
720 123 523 151 15 13 -1 -1 -1 -1 
720 126 448 193 40 35 -1 -1 -1 -1 
721 104 512 139 12 13 -1 -1 -1 -1 
721 113 595 178 18 22 -1 -1 -1 -1 
721 123 523 151 16 12 -1 -1 -1 -1 
722 113 596 182 18 20 -1 -1 -1 -1 
722 123 524 151 15 11 -1 -1 -1 -1 
722 126 461 186 35 31 -1 -1 -1 -1 
723 113 596 185 18 19 -1 -1 -1 -1 
723 123 524 151 15 11 -1 -1 -1 -1 
724 113 596 184 20 22 -1 -1 -1 -1 
724 123 513 139 13 12 -1 -1 -1 -1 
724 126 471 181 30 26 -1 -1 -1 -1 
725 113 597 187 20 22 -1 -1 -1 -1 
725 123 514 139 12 12 -1 -1 -1 -1 
725 126 475 177 29 26 -1 -1 -1 -1 
726 113 597 187 22 24 -1 -1 -1 -1 
726 123 528 147 13 11 -1 -1 -1 -1 
726 126 480 174 27 26 -1 -1 -1 -1 
727 113 598 188 22 26 -1 -1 -1 -1 
727 123 528 147 14 11 -1 -1 -1 -1 
727 126 483 171 27 25 -1 -1 -1 -1 
728 113 599 190 22 29 -1 -1 -1 -1 
728 123 527 146 16 11 -1 -1 -1 -1 
728 126 483 171 27 25 -1 -1 -1 -1 
729 113 599 192 24 29 -1 -1 -1 -1 
729 123 527 146 16 11 -1 -1 -1 -1 
730 113 600 195 24 29 -1 -1 -1 -1 
730 126 494 166 20 22 -1 -1 -1 -1 
731 113 601 197 27 32 -1 -1 -1 -1 
731 126 496 165 20 21 -1 -1 -1 -1 
732 113 602 202 28 30 -1 -1 -1 -1 
732 126 498 163 20 20 -1 -1 -1 -1 
733 113 604 203 26 33 -1 -1 -1 -1 
733 126 500 162 20 19 -1 -1 -1 -1 
734 113 605 207 28 35 -1 -1 -1 -1 
734 126 502 162 20 16 -1 -1 -1 -1 
735 113 606 209 29 37 -1 -1 -1 -1 
735 126 503 160 20 15 -1 -1 -1 -1 
736 113 607 212 31 42 -1 -1 -1 -1 
736 123 583 152 12 10 -1 -1 -1 -1 
736 126 506 159 19 16 -1 -1 -1 -1 
737 113 609 215 30 45 -1 -1 -1 -1 
737 123 583 152 12 10 -1 -1 -1 -1 
738 113 611 218 28 48 -1 -1 -1 -1 
738 123 584 153 12 11 -1 -1 -1 -1 
738 126 510 155 16 17 -1 -1 -1 -1 
739 113 611 218 28 48 -1 -1 -1 -1 
740 123 585 156 12 10 -1 -1 -1 -1 
740 126 513 153 16 17 -1 -1 -1 -1 
741 123 586 157 11 10 -1 -1 -1 -1 
741 126 514 153 16 16 -1 -1 -1 -1 
742 123 586 158 11 10 -1 -1 -1 -1 
742 126 515 152 16 15 -1 -1 -1 -1 
743 123 586 158 12 10 -1 -1 -1 -1 
743 126 517 151 15 16 -1 -1 -1 -1 
744 123 587 158 12 11 -1 -1 -1 -1 
744 126 518 151 15 14 -1 -1 -1 -1 
745 123 588 159 11 11 -1 -1 -1 -1 
745 126 519 152 14 13 -1 -1 -1 -1 
746 123 588 159 12 13 -1 -1 -1 -1 
746 126 520 151 14 13 -1 -1 -1 -1 
747 123 588 159 12 14 -1 -1 -1 -1 
748 123 589 160 11 14 -1 -1 -1 -1 
755 123 592 166 15 15 -1 -1 -1 -1 
756 123 593 168 15 14 -1 -1 -1 -1 
757 123 593 168 16 15 -1 -1 -1 -1 
758 123 594 168 16 17 -1 -1 -1 -1 
759 123 594 168 16 17 -1 -1 -1 -1 
760 123 595 168 15 18 -1 -1 -1 -1 
761 123 595 169 17 19 -1 -1 -1 -1 
762 123 596 170 18 19 -1 -1 -1 -1 
763 123 597 172 17 20 -1 -1 -1 -1 
764 123 598 174 17 18 -1 -1 -1 -1 
765 123 598 174 17 18 -1 -1 -1 -1 
766 123 599 175 19 19 -1 -1 -1 -1 
767 123 601 176 19 20 -1 -1 -1 -1 
768 123 601 177 20 21 -1 -1 -1 -1 
769 123 603 177 20 24 -1 -1 -1 -1 
770 123 605 180 19 22 -1 -1 -1 -1 
771 123 607 182 19 23 -1 -1 -1 -1 
772 123 606 184 22 23 -1 -1 -1 -1 
773 123 608 188 22 21 -1 -1 -1 -1 
774 123 609 188 22 24 -1 -1 -1 -1 
774 134 0 264 139 184 -1 -1 -1 -1 
775 123 610 189 24 28 -1 -1 -1 -1 
775 134 1 249 171 218 -1 -1 -1 -1 
776 123 610 189 28 32 -1 -1 -1 -1 
776 134 1 238 202 219 -1 -1 -1 -1 
777 123 610 189 28 32 -1 -1 -1 -1 
777 134 2 226 225 226 -1 -1 -1 -1 
777 135 177 349 200 130 -1 -1 -1 -1 
778 134 1 217 252 221 -1 -1 -1 -1 
778 135 243 317 162 134 -1 -1 -1 -1 
779 134 30 211 246 204 -1 -1 -1 -1 
779 135 292 291 133 113 -1 -1 -1 -1 
780 126 521 154 15 16 -1 -1 -1 -1 
780 134 30 211 246 204 -1 -1 -1 -1 
781 126 522 152 15 17 -1 -1 -1 -1 
782 126 523 151 15 17 -1 -1 -1 -1 
782 138 437 147 43 45 -1 -1 -1 -1 
783 126 523 151 16 16 -1 -1 -1 -1 
783 138 441 145 40 46 -1 -1 -1 -1 
783 139 2 250 173 207 -1 -1 -1 -1 
784 126 525 150 15 16 -1 -1 -1 -1 
784 138 445 146 38 43 -1 -1 -1 -1 
784 139 0 236 206 233 -1 -1 -1 -1 
785 126 525 150 15 16 -1 -1 -1 -1 
785 138 446 145 38 42 -1 -1 -1 -1 
785 139 1 225 231 231 -1 -1 -1 -1 
785 140 252 325 163 135 -1 -1 -1 -1 
786 138 448 145 39 41 -1 -1 -1 -1 
786 139 4 213 263 259 -1 -1 -1 -1 
786 140 308 293 132 108 -1 -1 -1 -1 
786 141 226 174 15 25 -1 -1 -1 -1 
787 138 450 146 37 39 -1 -1 -1 -1 
787 139 3 198 286 260 -1 -1 -1 -1 
787 140 349 269 107 90 -1 -1 -1 -1 
787 141 226 174 15 25 -1 -1 -1 -1 
788 138 453 145 35 37 -1 -1 -1 -1 
788 139 2 200 301 260 -1 -1 -1 -1 
788 140 380 250 92 78 -1 -1 -1 -1 
788 141 226 174 15 26 -1 -1 -1 -1 
789 138 455 145 34 35 -1 -1 -1 -1 
789 139 4 193 311 249 -1 -1 -1 -1 
789 140 402 232 82 72 -1 -1 -1 -1 
789 141 226 174 15 24 -1 -1 -1 -1 
790 138 459 145 32 34 -1 -1 -1 -1 
790 139 10 193 332 221 -1 -1 -1 -1 
790 140 421 222 68 62 -1 -1 -1 -1 
791 138 460 146 32 32 -1 -1 -1 -1 
791 139 8 183 353 212 -1 -1 -1 -1 
791 140 435 212 61 57 -1 -1 -1 -1 
792 138 463 146 30 30 -1 -1 -1 -1 
792 139 10 181 356 190 -1 -1 -1 -1 
792 140 448 207 53 48 -1 -1 -1 -1 
792 141 226 173 15 26 -1 -1 -1 -1 
793 138 464 147 32 28 -1 -1 -1 -1 
793 139 31 161 344 194 -1 -1 -1 -1 
793 140 457 201 47 45 -1 -1 -1 -1 
793 141 226 173 15 26 -1 -1 -1 -1 
794 138 465 145 31 30 -1 -1 -1 -1 
794 139 80 178 310 157 -1 -1 -1 -1 
794 140 466 194 43 41 -1 -1 -1 -1 
794 141 226 173 15 26 -1 -1 -1 -1 
795 138 469 145 28 29 -1 -1 -1 -1 
795 139 80 178 310 157 -1 -1 -1 -1 
795 140 466 194 43 41 -1 -1 -1 -1 
795 141 225 173 16 26 -1 -1 -1 -1 
796 138 470 145 29 29 -1 -1 -1 -1 
796 141 226 175 15 24 -1 -1 -1 -1 
796 142 319 170 43 19 -1 -1 -1 -1 
797 138 471 146 29 26 -1 -1 -1 -1 
797 139 210 177 195 117 -1 -1 -1 -1 
797 141 226 174 15 25 -1 -1 -1 -1 
797 142 334 169 38 18 -1 -1 -1 -1 
797 143 484 182 33 32 -1 -1 -1 -1 
798 138 474 145 26 25 -1 -1 -1 -1 
798 139 210 177 195 117 -1 -1 -1 -1 
798 141 226 174 15 25 -1 -1 -1 -1 
799 138 475 146 27 24 -1 -1 -1 -1 
799 139 260 168 158 101 -1 -1 -1 -1 
799 141 226 174 15 25 -1 -1 -1 -1 
799 143 493 175 29 28 -1 -1 -1 -1 
800 126 579 152 11 17 -1 -1 -1 -1 
800 138 477 146 27 24 -1 -1 -1 -1 
800 139 276 171 149 89 -1 -1 -1 -1 
800 141 226 174 15 25 -1 -1 -1 -1 
800 143 496 173 29 26 -1 -1 -1 -1 
801 126 579 152 11 18 -1 -1 -1 -1 
801 138 478 145 26 24 -1 -1 -1 -1 
801 139 309 167 123 84 -1 -1 -1 -1 
801 141 226 174 15 25 -1 -1 -1 -1 
802 126 579 155 11 15 -1 -1 -1 -1 
802 138 480 145 24 22 -1 -1 -1 -1 
802 139 318 167 115 79 -1 -1 -1 -1 
802 141 226 174 15 25 -1 -1 -1 -1 
802 143 504 168 24 24 -1 -1 -1 -1 
803 126 579 158 11 14 -1 -1 -1 -1 
803 138 483 144 22 23 -1 -1 -1 -1 
803 139 330 166 108 73 -1 -1 -1 -1 
803 141 226 174 15 25 -1 -1 -1 -1 
804 126 580 161 11 12 -1 -1 -1 -1 
804 138 484 145 22 21 -1 -1 -1 -1 
804 139 344 166 97 67 -1 -1 -1 -1 
804 143 509 167 21 18 -1 -1 -1 -1 
805 126 579 162 13 12 -1 -1 -1 -1 
805 138 485 144 24 21 -1 -1 -1 -1 
805 139 353 162 94 68 -1 -1 -1 -1 
805 143 510 165 22 17 -1 -1 -1 -1 
806 123 513 160 21 20 -1 -1 -1 -1 
806 126 579 162 15 14 -1 -1 -1 -1 
806 138 487 143 22 21 -1 -1 -1 -1 
806 139 358 161 93 65 -1 -1 -1 -1 
807 123 514 161 22 16 -1 -1 -1 -1 
807 126 579 162 15 15 -1 -1 -1 -1 
807 138 487 142 23 22 -1 -1 -1 -1 
807 139 367 157 88 66 -1 -1 -1 -1 
808 123 518 157 19 18 -1 -1 -1 -1 
808 126 580 163 16 16 -1 -1 -1 -1 
808 138 488 141 22 23 -1 -1 -1 -1 
808 139 380 155 80 67 -1 -1 -1 -1 
809 123 580 164 16 16 -1 -1 -1 -1 
809 126 520 156 16 17 -1 -1 -1 -1 
809 138 490 141 21 22 -1 -1 -1 -1 
809 139 386 154 76 60 -1 -1 -1 -1 
810 123 581 164 15 17 -1 -1 -1 -1 
810 126 521 155 16 15 -1 -1 -1 -1 
810 138 491 141 21 21 -1 -1 -1 -1 
810 139 395 152 71 58 -1 -1 -1 -1 
811 123 522 153 17 17 -1 -1 -1 -1 
811 126 581 165 17 18 -1 -1 -1 -1 
811 138 493 140 20 20 -1 -1 -1 -1 
811 139 403 152 66 55 -1 -1 -1 -1 
812 123 582 167 16 18 -1 -1 -1 -1 
812 126 523 152 19 17 -1 -1 -1 -1 
812 138 495 140 19 20 -1 -1 -1 -1 
812 139 408 152 63 53 -1 -1 -1 -1 
813 123 582 168 16 19 -1 -1 -1 -1 
813 126 524 152 17 14 -1 -1 -1 -1 
813 138 496 141 18 19 -1 -1 -1 -1 
813 139 415 152 57 51 -1 -1 -1 -1 
814 123 582 169 17 19 -1 -1 -1 -1 
814 126 524 151 18 13 -1 -1 -1 -1 
814 138 498 141 17 18 -1 -1 -1 -1 
814 139 416 150 59 50 -1 -1 -1 -1 
815 123 584 171 16 20 -1 -1 -1 -1 
815 126 525 151 19 11 -1 -1 -1 -1 
815 138 499 142 17 17 -1 -1 -1 -1 
815 139 420 152 56 46 -1 -1 -1 -1 
816 123 585 172 16 20 -1 -1 -1 -1 
816 126 528 149 16 13 -1 -1 -1 -1 
816 138 500 143 16 16 -1 -1 -1 -1 
816 139 427 152 53 44 -1 -1 -1 -1 
817 123 585 174 17 21 -1 -1 -1 -1 
817 126 529 149 15 11 -1 -1 -1 -1 
817 138 500 142 18 17 -1 -1 -1 -1 
817 139 430 153 53 41 -1 -1 -1 -1 
818 123 586 175 18 22 -1 -1 -1 -1 
818 126 530 148 15 11 -1 -1 -1 -1 
818 138 501 140 18 19 -1 -1 -1 -1 
818 139 433 152 52 42 -1 -1 -1 -1 
819 123 585 177 21 23 -1 -1 -1 -1 
819 126 531 148 15 10 -1 -1 -1 -1 
819 138 502 140 18 18 -1 -1 -1 -1 
819 139 433 152 52 42 -1 -1 -1 -1 
820 123 586 179 21 24 -1 -1 -1 -1 
820 126 532 148 13 9 -1 -1 -1 -1 
820 138 503 139 18 17 -1 -1 -1 -1 
820 139 443 150 43 41 -1 -1 -1 -1 
821 123 587 180 21 25 -1 -1 -1 -1 
821 126 532 148 13 9 -1 -1 -1 -1 
821 138 503 138 19 18 -1 -1 -1 -1 
822 123 588 182 21 25 -1 -1 -1 -1 
822 138 504 138 18 18 -1 -1 -1 -1 
822 139 445 148 46 41 -1 -1 -1 -1 
823 123 589 186 21 26 -1 -1 -1 -1 
823 138 505 139 18 17 -1 -1 -1 -1 
823 139 451 146 40 42 -1 -1 -1 -1 
824 123 590 188 22 27 -1 -1 -1 -1 
824 138 507 138 17 17 -1 -1 -1 -1 
824 139 455 148 39 39 -1 -1 -1 -1 
825 123 591 190 23 28 -1 -1 -1 -1 
825 138 507 139 17 16 -1 -1 -1 -1 
825 139 456 162 38 22 -1 -1 -1 -1 
826 123 592 193 26 31 -1 -1 -1 -1 
826 138 507 138 18 16 -1 -1 -1 -1 
826 139 463 145 33 33 -1 -1 -1 -1 
827 123 593 196 27 33 -1 -1 -1 -1 
827 138 509 138 16 16 -1 -1 -1 -1 
827 139 463 146 34 34 -1 -1 -1 -1 
828 123 595 200 27 32 -1 -1 -1 -1 
828 138 509 138 16 16 -1 -1 -1 -1 
828 139 466 146 32 32 -1 -1 -1 -1 
829 123 596 204 28 33 -1 -1 -1 -1 
829 138 510 138 15 14 -1 -1 -1 -1 
830 123 598 206 30 38 -1 -1 -1 -1 
830 138 510 138 15 14 -1 -1 -1 -1 
831 123 600 210 31 38 -1 -1 -1 -1 
831 138 510 137 17 15 -1 -1 -1 -1 
832 123 601 215 34 44 -1 -1 -1 -1 
832 138 510 137 16 14 -1 -1 -1 -1 
832 150 468 144 37 32 -1 -1 -1 -1 
832 151 0 345 153 131 -1 -1 -1 -1 
833 123 602 219 37 48 -1 -1 -1 -1 
833 138 511 137 15 14 -1 -1 -1 -1 
833 150 471 144 35 31 -1 -1 -1 -1 
833 151 0 325 192 134 -1 -1 -1 -1 
834 123 604 224 35 55 -1 -1 -1 -1 
834 138 511 137 15 14 -1 -1 -1 -1 
834 150 471 144 35 31 -1 -1 -1 -1 
835 123 604 230 35 57 -1 -1 -1 -1 
835 151 85 292 168 110 -1 -1 -1 -1 
835 152 474 144 33 29 -1 -1 -1 -1 
836 123 609 238 30 63 -1 -1 -1 -1 
836 151 126 279 152 100 -1 -1 -1 -1 
836 152 477 145 30 27 -1 -1 -1 -1 
837 123 610 246 29 69 -1 -1 -1 -1 
837 151 161 269 140 89 -1 -1 -1 -1 
837 152 478 146 30 25 -1 -1 -1 -1 
838 123 614 252 25 80 -1 -1 -1 -1 
838 151 192 258 129 83 -1 -1 -1 -1 
838 152 479 144 30 26 -1 -1 -1 -1 
839 123 614 252 25 80 -1 -1 -1 -1 
839 151 222 249 116 74 -1 -1 -1 -1 
840 151 245 239 107 71 -1 -1 -1 -1 
840 152 484 144 28 23 -1 -1 -1 -1 
841 151 267 232 102 66 -1 -1 -1 -1 
841 152 484 144 30 23 -1 -1 -1 -1 
842 151 284 223 99 64 -1 -1 -1 -1 
842 152 486 141 29 26 -1 -1 -1 -1 
843 151 306 217 82 58 -1 -1 -1 -1 
843 152 488 146 27 21 -1 -1 -1 -1 
844 151 321 214 78 51 -1 -1 -1 -1 
844 152 488 141 27 25 -1 -1 -1 -1 
845 151 334 208 74 52 -1 -1 -1 -1 
845 152 490 141 26 23 -1 -1 -1 -1 
846 151 347 204 69 48 -1 -1 -1 -1 
846 152 492 143 24 20 -1 -1 -1 -1 
847 151 358 201 65 45 -1 -1 -1 -1 
847 152 493 144 24 19 -1 -1 -1 -1 
848 151 368 197 62 44 -1 -1 -1 -1 
848 152 493 142 26 21 -1 -1 -1 -1 
849 151 379 195 56 40 -1 -1 -1 -1 
849 152 495 141 25 21 -1 -1 -1 -1 
850 151 387 192 56 39 -1 -1 -1 -1 
850 152 497 143 22 18 -1 -1 -1 -1 
851 151 396 189 52 38 -1 -1 -1 -1 
851 152 498 143 22 17 -1 -1 -1 -1 
852 138 595 163 13 15 -1 -1 -1 -1 
852 151 403 187 50 36 -1 -1 -1 -1 
852 152 498 143 23 17 -1 -1 -1 -1 
853 138 595 163 13 15 -1 -1 -1 -1 
853 151 403 187 50 36 -1 -1 -1 -1 
855 155 517 145 19 23 -1 -1 -1 -1 
856 155 518 149 18 19 -1 -1 -1 -1 
857 155 520 146 17 21 -1 -1 -1 -1 
858 155 521 146 16 20 -1 -1 -1 -1 
859 155 522 145 14 19 -1 -1 -1 -1 
870 155 526 140 16 19 -1 -1 -1 -1 
871 155 527 141 15 17 -1 -1 -1 -1 
872 155 527 140 16 18 -1 -1 -1 -1 
885 123 576 148 15 13 -1 -1 -1 -1 
886 123 576 150 15 12 -1 -1 -1 -1 
887 123 576 149 15 14 -1 -1 -1 -1 
888 123 576 150 15 14 -1 -1 -1 -1 
891 123 577 152 14 15 -1 -1 -1 -1 
892 123 577 154 15 15 -1 -1 -1 -1 
893 123 577 155 14 15 -1 -1 -1 -1 
894 123 577 158 13 13 -1 -1 -1 -1 
895 123 577 158 13 13 -1 -1 -1 -1 
896 123 577 159 13 13 -1 -1 -1 -1 
897 123 577 159 13 15 -1 -1 -1 -1 
897 155 592 151 13 14 -1 -1 -1 -1 
898 123 576 160 15 15 -1 -1 -1 -1 
898 155 592 150 13 15 -1 -1 -1 -1 
899 123 576 161 14 15 -1 -1 -1 -1 
899 155 593 151 13 15 -1 -1 -1 -1 
900 123 576 162 15 16 -1 -1 -1 -1 
900 155 593 151 14 15 -1 -1 -1 -1 
901 123 577 164 16 16 -1 -1 -1 -1 
901 155 593 151 14 16 -1 -1 -1 -1 
902 123 577 166 17 15 -1 -1 -1 -1 
902 155 592 151 15 17 -1 -1 -1 -1 
903 123 577 167 17 15 -1 -1 -1 -1 
903 155 592 151 16 17 -1 -1 -1 -1 
904 123 577 167 17 15 -1 -1 -1 -1 
904 155 592 151 16 17 -1 -1 -1 -1 
905 123 578 169 17 16 -1 -1 -1 -1 
905 155 592 151 16 18 -1 -1 -1 -1 
906 123 578 170 18 16 -1 -1 -1 -1 
906 155 593 151 16 19 -1 -1 -1 -1 
907 123 578 171 19 17 -1 -1 -1 -1 
907 155 593 152 16 18 -1 -1 -1 -1 
908 123 579 171 18 19 -1 -1 -1 -1 
908 155 594 151 16 20 -1 -1 -1 -1 
909 123 579 172 18 20 -1 -1 -1 -1 
909 155 594 152 16 19 -1 -1 -1 -1 
910 123 580 174 18 19 -1 -1 -1 -1 
910 155 594 153 16 18 -1 -1 -1 -1 
911 123 580 175 20 22 -1 -1 -1 -1 
911 155 595 154 15 17 -1 -1 -1 -1 
912 123 581 176 20 23 -1 -1 -1 -1 
912 155 595 154 16 19 -1 -1 -1 -1 
913 123 582 178 20 23 -1 -1 -1 -1 
913 155 596 153 16 22 -1 -1 -1 -1 
914 123 583 178 20 25 -1 -1 -1 -1 
914 155 596 153 17 23 -1 -1 -1 -1 
915 123 583 182 22 25 -1 -1 -1 -1 
915 155 595 153 20 25 -1 -1 -1 -1 
916 123 583 185 23 26 -1 -1 -1 -1 
916 155 596 153 19 24 -1 -1 -1 -1 
917 123 584 186 24 27 -1 -1 -1 -1 
917 155 596 155 20 25 -1 -1 -1 -1 
918 123 585 189 24 29 -1 -1 -1 -1 
918 155 596 156 21 25 -1 -1 -1 -1 
919 123 587 191 23 31 -1 -1 -1 -1 
919 155 597 158 21 23 -1 -1 -1 -1 
920 123 587 194 25 34 -1 -1 -1 -1 
920 155 597 158 21 24 -1 -1 -1 -1 
921 123 589 196 26 37 -1 -1 -1 -1 
921 155 597 157 21 26 -1 -1 -1 -1 
922 123 589 199 29 39 -1 -1 -1 -1 
922 155 599 156 20 28 -1 -1 -1 -1 
923 123 589 206 33 38 -1 -1 -1 -1 
923 155 601 155 18 31 -1 -1 -1 -1 
924 123 589 206 33 38 -1 -1 -1 -1 
925 123 593 214 33 44 -1 -1 -1 -1 
925 155 601 154 20 35 -1 -1 -1 -1 
926 123 595 216 35 51 -1 -1 -1 -1 
926 155 601 156 22 34 -1 -1 -1 -1 
927 123 595 224 39 54 -1 -1 -1 -1 
927 155 602 158 21 32 -1 -1 -1 -1 
928 123 595 230 44 61 -1 -1 -1 -1 
928 155 604 164 20 28 -1 -1 -1 -1 
929 123 597 238 42 65 -1 -1 -1 -1 
929 155 605 163 20 30 -1 -1 -1 -1 
930 123 598 245 41 72 -1 -1 -1 -1 
930 155 605 164 21 29 -1 -1 -1 -1 
931 123 602 253 37 81 -1 -1 -1 -1 
931 155 605 164 23 33 -1 -1 -1 -1 
932 123 605 267 34 90 -1 -1 -1 -1 
932 155 606 165 22 32 -1 -1 -1 -1 
933 123 605 267 34 90 -1 -1 -1 -1 
934 155 609 167 24 32 -1 -1 -1 -1 
935 155 610 168 24 32 -1 -1 -1 -1 
936 155 611 168 25 35 -1 -1 -1 -1 
937 155 611 168 25 35 -1 -1 -1 -1 
938 155 612 170 26 39 -1 -1 -1 -1 
939 155 611 171 28 39 -1 -1 -1 -1 
940 155 612 173 27 38 -1 -1 -1 -1 
941 155 612 173 27 38 -1 -1 -1 -1 
942 155 614 173 25 40 -1 -1 -1 -1 
943 155 616 173 23 41 -1 -1 -1 -1 
944 155 616 173 23 41 -1 -1 -1 -1 
945 155 618 173 21 43 -1 -1 -1 -1 
946 155 621 174 18 43 -1 -1 -1 -1 
947 155 621 174 18 43 -1 -1 -1 -1 
948 155 622 174 17 43 -1 -1 -1 -1 
