4 2 271 112 12 10 -1 -1 -1 -1 
5 2 271 112 12 10 -1 -1 -1 -1 
6 2 271 111 13 10 -1 -1 -1 -1 
7 2 272 111 12 9 -1 -1 -1 -1 
8 2 272 111 12 9 -1 -1 -1 -1 
9 2 273 111 13 8 -1 -1 -1 -1 
10 2 273 110 14 9 -1 -1 -1 -1 
11 2 273 110 14 9 -1 -1 -1 -1 
12 2 275 110 12 8 -1 -1 -1 -1 
13 2 275 110 12 8 -1 -1 -1 -1 
14 2 275 110 12 9 -1 -1 -1 -1 
15 2 277 109 10 8 -1 -1 -1 -1 
16 2 276 109 11 9 -1 -1 -1 -1 
17 2 277 109 11 8 -1 -1 -1 -1 
18 2 278 108 10 8 -1 -1 -1 -1 
21 2 278 108 10 8 -1 -1 -1 -1 
23 2 343 118 13 9 -1 -1 -1 -1 
24 2 343 118 13 9 -1 -1 -1 -1 
25 2 343 118 15 10 -1 -1 -1 -1 
26 2 343 119 17 10 -1 -1 -1 -1 
27 2 343 121 20 10 -1 -1 -1 -1 
28 2 345 121 17 12 -1 -1 -1 -1 
29 2 345 121 17 12 -1 -1 -1 -1 
30 2 348 123 15 12 -1 -1 -1 -1 
31 2 349 126 15 11 -1 -1 -1 -1 
32 2 350 126 16 12 -1 -1 -1 -1 
33 2 350 125 19 16 -1 -1 -1 -1 
34 2 350 125 19 16 -1 -1 -1 -1 
35 2 351 126 20 19 -1 -1 -1 -1 
36 2 354 129 16 15 -1 -1 -1 -1 
37 2 354 130 18 18 -1 -1 -1 -1 
38 2 356 132 18 20 -1 -1 -1 -1 
39 2 356 132 18 20 -1 -1 -1 -1 
40 2 357 133 23 21 -1 -1 -1 -1 
41 2 358 136 24 23 -1 -1 -1 -1 
42 2 360 141 26 22 -1 -1 -1 -1 
43 2 363 142 25 24 -1 -1 -1 -1 
44 2 363 142 25 24 -1 -1 -1 -1 
45 2 365 144 29 27 -1 -1 -1 -1 
46 2 367 150 28 26 -1 -1 -1 -1 
47 2 371 154 30 28 -1 -1 -1 -1 
48 2 374 157 31 32 -1 -1 -1 -1 
49 2 377 163 39 34 -1 -1 -1 -1 
50 2 377 163 39 34 -1 -1 -1 -1 
51 2 381 168 41 39 -1 -1 -1 -1 
52 2 385 170 45 46 -1 -1 -1 -1 
53 2 389 178 52 53 -1 -1 -1 -1 
54 2 396 186 54 57 -1 -1 -1 -1 
55 2 396 186 54 57 -1 -1 -1 -1 
55 8 350 104 19 11 -1 -1 -1 -1 
56 2 401 197 62 63 -1 -1 -1 -1 
56 8 351 104 17 11 -1 -1 -1 -1 
57 2 411 207 68 74 -1 -1 -1 -1 
57 8 351 104 18 11 -1 -1 -1 -1 
59 2 411 207 68 74 -1 -1 -1 -1 
61 9 444 256 98 121 -1 -1 -1 -1 
62 9 462 288 107 137 -1 -1 -1 -1 
63 9 482 319 116 160 -1 -1 -1 -1 
64 9 504 363 121 116 -1 -1 -1 -1 
65 9 504 363 121 116 -1 -1 -1 -1 
100 8 349 116 16 13 -1 -1 -1 -1 
101 8 349 116 16 13 -1 -1 -1 -1 
102 8 350 116 15 14 -1 -1 -1 -1 
103 8 350 116 15 15 -1 -1 -1 -1 
104 8 350 116 16 16 -1 -1 -1 -1 
105 8 368 113 15 16 -1 -1 -1 -1 
106 8 369 114 15 16 -1 -1 -1 -1 
107 8 369 114 15 16 -1 -1 -1 -1 
109 8 353 123 18 14 -1 -1 -1 -1 
109 12 0 275 93 199 -1 -1 -1 -1 
110 8 353 123 20 15 -1 -1 -1 -1 
110 12 1 260 102 213 -1 -1 -1 -1 
111 8 355 124 19 14 -1 -1 -1 -1 
111 12 1 242 112 230 -1 -1 -1 -1 
112 8 358 124 18 16 -1 -1 -1 -1 
112 12 1 231 122 230 -1 -1 -1 -1 
113 8 359 125 17 19 -1 -1 -1 -1 
113 12 1 220 129 218 -1 -1 -1 -1 
114 8 361 128 18 17 -1 -1 -1 -1 
114 12 0 208 139 206 -1 -1 -1 -1 
115 8 361 129 21 18 -1 -1 -1 -1 
116 8 362 130 21 19 -1 -1 -1 -1 
116 12 0 193 154 179 -1 -1 -1 -1 
117 8 365 129 21 21 -1 -1 -1 -1 
117 12 2 190 158 160 -1 -1 -1 -1 
118 8 366 131 23 23 -1 -1 -1 -1 
118 12 11 183 155 149 -1 -1 -1 -1 
119 8 367 130 25 26 -1 -1 -1 -1 
119 12 28 177 143 139 -1 -1 -1 -1 
120 8 369 137 25 20 -1 -1 -1 -1 
120 12 39 173 136 127 -1 -1 -1 -1 
121 8 369 137 25 20 -1 -1 -1 -1 
121 12 39 173 136 127 -1 -1 -1 -1 
122 8 370 136 25 24 -1 -1 -1 -1 
122 12 54 170 127 119 -1 -1 -1 -1 
123 8 377 140 25 26 -1 -1 -1 -1 
123 12 81 163 107 105 -1 -1 -1 -1 
124 8 377 140 25 26 -1 -1 -1 -1 
124 12 99 155 99 95 -1 -1 -1 -1 
125 12 108 152 94 88 -1 -1 -1 -1 
125 14 381 127 17 15 -1 -1 -1 -1 
126 12 116 152 90 82 -1 -1 -1 -1 
126 14 381 127 17 16 -1 -1 -1 -1 
127 12 124 148 82 79 -1 -1 -1 -1 
127 14 382 128 18 16 -1 -1 -1 -1 
127 15 389 157 35 29 -1 -1 -1 -1 
128 12 131 145 80 77 -1 -1 -1 -1 
128 14 382 129 19 16 -1 -1 -1 -1 
128 15 391 155 36 35 -1 -1 -1 -1 
129 12 144 138 72 75 -1 -1 -1 -1 
129 14 383 129 21 19 -1 -1 -1 -1 
129 15 396 164 42 37 -1 -1 -1 -1 
