3 1 498 147 16 13 -1 -1 -1 -1 
4 1 499 146 16 14 -1 -1 -1 -1 
5 1 501 146 14 13 -1 -1 -1 -1 
6 1 503 146 13 13 -1 -1 -1 -1 
7 1 503 146 13 13 -1 -1 -1 -1 
8 1 505 144 12 15 -1 -1 -1 -1 
10 1 506 144 12 12 -1 -1 -1 -1 
11 1 506 144 12 12 -1 -1 -1 -1 
12 1 507 142 12 13 -1 -1 -1 -1 
13 1 507 142 14 12 -1 -1 -1 -1 
14 1 508 142 14 12 -1 -1 -1 -1 
17 1 510 142 12 11 -1 -1 -1 -1 
57 1 594 163 12 12 -1 -1 -1 -1 
60 1 596 165 12 14 -1 -1 -1 -1 
61 1 597 166 12 14 -1 -1 -1 -1 
62 1 597 167 13 14 -1 -1 -1 -1 
63 1 597 167 13 14 -1 -1 -1 -1 
64 1 597 168 14 14 -1 -1 -1 -1 
65 1 597 168 14 15 -1 -1 -1 -1 
66 1 597 170 15 15 -1 -1 -1 -1 
67 1 599 172 15 13 -1 -1 -1 -1 
68 1 599 172 15 13 -1 -1 -1 -1 
69 1 600 174 15 13 -1 -1 -1 -1 
70 1 601 175 15 14 -1 -1 -1 -1 
71 1 604 178 15 14 -1 -1 -1 -1 
72 1 605 179 15 15 -1 -1 -1 -1 
73 1 605 179 15 15 -1 -1 -1 -1 
73 3 208 315 175 136 -1 -1 -1 -1 
74 1 606 177 15 19 -1 -1 -1 -1 
74 3 261 290 145 115 -1 -1 -1 -1 
75 1 606 178 17 20 -1 -1 -1 -1 
75 3 302 266 123 102 -1 -1 -1 -1 
76 1 607 185 17 16 -1 -1 -1 -1 
76 3 335 253 107 85 -1 -1 -1 -1 
77 1 608 184 19 19 -1 -1 -1 -1 
77 3 361 241 93 75 -1 -1 -1 -1 
78 1 610 186 20 21 -1 -1 -1 -1 
78 3 399 222 75 64 -1 -1 -1 -1 
79 1 613 189 20 21 -1 -1 -1 -1 
79 3 411 214 70 58 -1 -1 -1 -1 
80 1 613 189 20 21 -1 -1 -1 -1 
80 3 411 214 70 58 -1 -1 -1 -1 
81 1 615 188 19 25 -1 -1 -1 -1 
81 3 425 208 62 53 -1 -1 -1 -1 
82 1 617 190 21 26 -1 -1 -1 -1 
82 3 435 203 57 47 -1 -1 -1 -1 
83 1 617 193 22 26 -1 -1 -1 -1 
83 3 445 198 51 45 -1 -1 -1 -1 
84 1 618 196 21 27 -1 -1 -1 -1 
84 3 454 195 47 41 -1 -1 -1 -1 
85 1 620 198 19 28 -1 -1 -1 -1 
85 3 459 190 44 39 -1 -1 -1 -1 
85 5 576 149 12 13 -1 -1 -1 -1 
86 1 624 198 15 31 -1 -1 -1 -1 
86 3 465 186 42 37 -1 -1 -1 -1 
86 5 576 148 12 16 -1 -1 -1 -1 
87 1 624 200 15 33 -1 -1 -1 -1 
87 3 471 183 38 34 -1 -1 -1 -1 
87 5 576 148 13 16 -1 -1 -1 -1 
88 1 627 205 12 31 -1 -1 -1 -1 
88 3 476 180 36 34 -1 -1 -1 -1 
88 5 576 148 13 16 -1 -1 -1 -1 
89 1 627 205 12 31 -1 -1 -1 -1 
89 3 480 177 35 31 -1 -1 -1 -1 
90 3 484 175 33 29 -1 -1 -1 -1 
90 5 597 167 14 14 -1 -1 -1 -1 
91 3 487 173 31 26 -1 -1 -1 -1 
91 5 597 168 14 14 -1 -1 -1 -1 
92 3 492 171 28 26 -1 -1 -1 -1 
93 3 494 168 28 26 -1 -1 -1 -1 
93 5 597 169 15 15 -1 -1 -1 -1 
94 3 497 167 26 26 -1 -1 -1 -1 
94 5 598 171 15 14 -1 -1 -1 -1 
95 3 498 165 27 24 -1 -1 -1 -1 
95 5 598 172 16 13 -1 -1 -1 -1 
96 3 498 165 27 24 -1 -1 -1 -1 
96 5 598 172 16 13 -1 -1 -1 -1 
97 1 577 153 14 20 -1 -1 -1 -1 
97 3 502 163 23 22 -1 -1 -1 -1 
97 5 599 173 15 13 -1 -1 -1 -1 
98 1 577 153 14 20 -1 -1 -1 -1 
98 3 504 162 23 22 -1 -1 -1 -1 
99 3 507 160 21 21 -1 -1 -1 -1 
99 5 601 175 15 15 -1 -1 -1 -1 
100 3 509 159 20 21 -1 -1 -1 -1 
100 5 602 177 16 14 -1 -1 -1 -1 
101 3 510 158 21 21 -1 -1 -1 -1 
101 5 604 178 16 14 -1 -1 -1 -1 
102 3 510 158 21 21 -1 -1 -1 -1 
102 5 604 178 16 14 -1 -1 -1 -1 
103 3 511 157 20 19 -1 -1 -1 -1 
103 5 604 178 17 15 -1 -1 -1 -1 
104 3 512 155 20 20 -1 -1 -1 -1 
104 5 604 178 17 18 -1 -1 -1 -1 
105 3 515 155 18 19 -1 -1 -1 -1 
105 5 605 178 17 19 -1 -1 -1 -1 
106 3 517 153 17 18 -1 -1 -1 -1 
106 5 606 179 16 19 -1 -1 -1 -1 
107 3 517 152 17 18 -1 -1 -1 -1 
107 5 606 183 18 18 -1 -1 -1 -1 
108 3 519 152 16 17 -1 -1 -1 -1 
108 5 607 185 19 17 -1 -1 -1 -1 
109 3 520 151 15 16 -1 -1 -1 -1 
109 5 607 185 20 19 -1 -1 -1 -1 
110 3 521 151 16 15 -1 -1 -1 -1 
110 5 609 186 19 19 -1 -1 -1 -1 
111 3 521 151 16 15 -1 -1 -1 -1 
112 5 610 185 20 22 -1 -1 -1 -1 
113 5 610 187 22 22 -1 -1 -1 -1 
114 5 611 188 22 23 -1 -1 -1 -1 
115 5 614 191 20 23 -1 -1 -1 -1 
116 5 615 192 23 24 -1 -1 -1 -1 
117 5 616 194 23 25 -1 -1 -1 -1 
120 5 616 194 23 25 -1 -1 -1 -1 
122 9 582 170 27 40 -1 -1 -1 -1 
123 9 583 169 28 44 -1 -1 -1 -1 
124 9 584 171 29 46 -1 -1 -1 -1 
125 1 578 158 13 13 -1 -1 -1 -1 
125 9 585 172 29 48 -1 -1 -1 -1 
126 1 578 158 13 13 -1 -1 -1 -1 
131 1 578 163 16 16 -1 -1 -1 -1 
131 9 590 185 32 53 -1 -1 -1 -1 
132 1 578 166 16 14 -1 -1 -1 -1 
132 9 590 184 34 57 -1 -1 -1 -1 
133 1 578 166 17 15 -1 -1 -1 -1 
133 9 590 189 36 61 -1 -1 -1 -1 
134 1 579 167 18 16 -1 -1 -1 -1 
134 9 590 196 40 57 -1 -1 -1 -1 
135 1 579 169 18 16 -1 -1 -1 -1 
135 9 592 195 40 66 -1 -1 -1 -1 
136 1 580 170 17 17 -1 -1 -1 -1 
136 9 593 193 44 75 -1 -1 -1 -1 
137 1 581 169 16 20 -1 -1 -1 -1 
137 9 594 205 45 73 -1 -1 -1 -1 
138 1 581 171 17 20 -1 -1 -1 -1 
138 9 594 191 45 96 -1 -1 -1 -1 
139 1 582 174 16 18 -1 -1 -1 -1 
139 9 595 212 44 85 -1 -1 -1 -1 
140 1 583 175 16 18 -1 -1 -1 -1 
141 1 583 175 18 21 -1 -1 -1 -1 
142 1 583 177 19 21 -1 -1 -1 -1 
143 1 585 178 18 22 -1 -1 -1 -1 
144 1 585 180 20 23 -1 -1 -1 -1 
145 1 585 181 21 26 -1 -1 -1 -1 
146 1 585 184 22 25 -1 -1 -1 -1 
147 1 585 185 24 28 -1 -1 -1 -1 
148 1 587 187 21 28 -1 -1 -1 -1 
149 1 589 191 20 27 -1 -1 -1 -1 
150 1 589 194 23 28 -1 -1 -1 -1 
151 1 590 196 25 30 -1 -1 -1 -1 
152 1 590 197 28 35 -1 -1 -1 -1 
153 1 591 200 29 36 -1 -1 -1 -1 
154 1 592 204 30 37 -1 -1 -1 -1 
155 1 593 208 30 38 -1 -1 -1 -1 
156 1 595 212 30 40 -1 -1 -1 -1 
157 1 595 212 30 40 -1 -1 -1 -1 
158 1 596 214 32 46 -1 -1 -1 -1 
158 13 595 217 33 43 -1 -1 -1 -1 
159 1 596 214 32 46 -1 -1 -1 -1 
159 13 597 216 34 51 -1 -1 -1 -1 
160 13 597 223 37 54 -1 -1 -1 -1 
161 13 599 229 40 58 -1 -1 -1 -1 
162 13 602 236 37 62 -1 -1 -1 -1 
163 13 602 236 37 62 -1 -1 -1 -1 
165 15 577 165 18 16 -1 -1 -1 -1 
166 15 578 167 17 17 -1 -1 -1 -1 
167 15 579 167 17 18 -1 -1 -1 -1 
167 16 609 271 30 89 -1 -1 -1 -1 
168 15 579 169 18 17 -1 -1 -1 -1 
168 16 610 285 29 100 -1 -1 -1 -1 
169 15 579 169 18 20 -1 -1 -1 -1 
170 15 580 170 19 20 -1 -1 -1 -1 
171 15 580 171 19 21 -1 -1 -1 -1 
172 15 580 172 21 22 -1 -1 -1 -1 
173 15 580 173 21 24 -1 -1 -1 -1 
174 15 581 173 21 26 -1 -1 -1 -1 
175 15 582 176 22 26 -1 -1 -1 -1 
176 15 583 178 22 26 -1 -1 -1 -1 
177 15 584 180 22 27 -1 -1 -1 -1 
178 15 584 182 24 28 -1 -1 -1 -1 
179 15 584 185 25 28 -1 -1 -1 -1 
180 15 586 187 25 31 -1 -1 -1 -1 
181 15 586 190 27 31 -1 -1 -1 -1 
182 15 586 190 27 31 -1 -1 -1 -1 
183 15 587 192 28 33 -1 -1 -1 -1 
184 15 589 195 29 35 -1 -1 -1 -1 
185 15 589 197 31 38 -1 -1 -1 -1 
186 15 590 200 32 41 -1 -1 -1 -1 
187 15 591 202 35 45 -1 -1 -1 -1 
188 15 592 204 36 50 -1 -1 -1 -1 
190 15 595 215 42 56 -1 -1 -1 -1 
195 15 601 233 38 67 -1 -1 -1 -1 
196 15 603 240 36 74 -1 -1 -1 -1 
197 15 606 249 33 82 -1 -1 -1 -1 
239 15 606 249 33 82 -1 -1 -1 -1 
242 19 577 144 16 14 -1 -1 -1 -1 
243 19 578 144 16 15 -1 -1 -1 -1 
244 19 578 146 15 14 -1 -1 -1 -1 
245 19 578 146 15 14 -1 -1 -1 -1 
246 19 578 149 14 12 -1 -1 -1 -1 
247 19 578 149 14 13 -1 -1 -1 -1 
248 19 578 150 14 14 -1 -1 -1 -1 
249 19 579 149 14 15 -1 -1 -1 -1 
250 19 579 150 15 15 -1 -1 -1 -1 
251 19 579 151 16 15 -1 -1 -1 -1 
252 19 580 150 17 17 -1 -1 -1 -1 
253 19 580 150 17 17 -1 -1 -1 -1 
254 19 580 150 17 17 -1 -1 -1 -1 
255 19 582 152 16 16 -1 -1 -1 -1 
256 19 583 152 16 17 -1 -1 -1 -1 
257 19 583 153 16 17 -1 -1 -1 -1 
258 19 583 154 16 17 -1 -1 -1 -1 
259 19 583 154 17 18 -1 -1 -1 -1 
260 19 582 159 16 17 -1 -1 -1 -1 
261 19 581 160 17 17 -1 -1 -1 -1 
262 19 582 161 16 17 -1 -1 -1 -1 
263 19 585 156 17 18 -1 -1 -1 -1 
264 19 583 164 16 17 -1 -1 -1 -1 
265 19 583 167 15 17 -1 -1 -1 -1 
266 19 582 168 17 18 -1 -1 -1 -1 
267 19 582 170 18 18 -1 -1 -1 -1 
268 19 583 170 18 19 -1 -1 -1 -1 
269 19 583 170 18 19 -1 -1 -1 -1 
270 19 583 171 19 21 -1 -1 -1 -1 
271 19 585 172 18 20 -1 -1 -1 -1 
272 19 585 174 19 21 -1 -1 -1 -1 
273 19 585 177 20 21 -1 -1 -1 -1 
274 19 586 179 20 21 -1 -1 -1 -1 
274 24 592 158 18 23 -1 -1 -1 -1 
275 19 586 180 21 22 -1 -1 -1 -1 
275 24 592 158 18 23 -1 -1 -1 -1 
276 19 587 180 21 25 -1 -1 -1 -1 
276 25 0 355 90 112 -1 -1 -1 -1 
277 19 588 182 21 26 -1 -1 -1 -1 
277 25 0 343 112 111 -1 -1 -1 -1 
278 19 588 182 23 28 -1 -1 -1 -1 
278 25 1 333 134 132 -1 -1 -1 -1 
279 19 588 184 23 31 -1 -1 -1 -1 
279 25 1 325 154 140 -1 -1 -1 -1 
280 19 589 186 24 32 -1 -1 -1 -1 
280 25 3 315 170 133 -1 -1 -1 -1 
281 19 590 188 26 34 -1 -1 -1 -1 
281 25 7 304 185 127 -1 -1 -1 -1 
281 27 2 245 185 184 -1 -1 -1 -1 
282 19 591 190 27 36 -1 -1 -1 -1 
282 25 18 299 193 117 -1 -1 -1 -1 
282 27 0 237 203 176 -1 -1 -1 -1 
283 19 591 196 30 36 -1 -1 -1 -1 
283 25 49 291 177 110 -1 -1 -1 -1 
283 27 24 232 182 149 -1 -1 -1 -1 
284 19 592 198 30 38 -1 -1 -1 -1 
284 25 49 291 177 110 -1 -1 -1 -1 
284 27 52 227 181 160 -1 -1 -1 -1 
285 19 594 200 30 43 -1 -1 -1 -1 
285 27 75 221 178 156 -1 -1 -1 -1 
285 28 599 168 23 30 -1 -1 -1 -1 
286 19 594 202 32 45 -1 -1 -1 -1 
286 27 96 217 169 147 -1 -1 -1 -1 
286 28 600 168 24 32 -1 -1 -1 -1 
287 19 595 205 36 50 -1 -1 -1 -1 
287 27 120 217 158 139 -1 -1 -1 -1 
287 28 600 168 25 33 -1 -1 -1 -1 
288 19 596 210 38 50 -1 -1 -1 -1 
288 27 137 207 151 135 -1 -1 -1 -1 
288 28 601 169 26 35 -1 -1 -1 -1 
289 19 596 210 38 50 -1 -1 -1 -1 
289 27 154 203 145 129 -1 -1 -1 -1 
290 19 599 218 40 65 -1 -1 -1 -1 
290 27 173 202 135 124 -1 -1 -1 -1 
290 28 602 176 29 33 -1 -1 -1 -1 
291 19 600 224 39 69 -1 -1 -1 -1 
291 27 191 196 128 120 -1 -1 -1 -1 
291 28 604 173 31 39 -1 -1 -1 -1 
292 19 603 233 36 70 -1 -1 -1 -1 
292 27 207 192 118 117 -1 -1 -1 -1 
292 28 606 173 31 42 -1 -1 -1 -1 
293 19 603 233 36 70 -1 -1 -1 -1 
294 27 233 189 109 107 -1 -1 -1 -1 
295 27 246 188 103 103 -1 -1 -1 -1 
296 27 259 186 99 99 -1 -1 -1 -1 
296 29 609 178 30 52 -1 -1 -1 -1 
297 27 268 185 95 94 -1 -1 -1 -1 
298 27 278 183 90 91 -1 -1 -1 -1 
299 27 298 179 80 86 -1 -1 -1 -1 
300 27 298 179 80 86 -1 -1 -1 -1 
301 27 307 178 77 82 -1 -1 -1 -1 
302 27 315 175 72 80 -1 -1 -1 -1 
303 27 323 170 70 83 -1 -1 -1 -1 
304 27 328 172 70 77 -1 -1 -1 -1 
305 27 336 172 66 76 -1 -1 -1 -1 
306 27 342 170 64 73 -1 -1 -1 -1 
307 27 346 169 63 72 -1 -1 -1 -1 
308 27 353 168 60 70 -1 -1 -1 -1 
309 27 358 167 59 69 -1 -1 -1 -1 
310 27 365 166 54 66 -1 -1 -1 -1 
311 27 368 164 55 67 -1 -1 -1 -1 
312 27 373 164 53 62 -1 -1 -1 -1 
313 27 379 164 51 61 -1 -1 -1 -1 
314 27 382 162 50 60 -1 -1 -1 -1 
315 27 387 163 48 59 -1 -1 -1 -1 
316 27 389 162 49 57 -1 -1 -1 -1 
317 27 393 161 48 56 -1 -1 -1 -1 
318 27 401 159 44 54 -1 -1 -1 -1 
319 27 401 159 44 54 -1 -1 -1 -1 
320 27 405 159 41 52 -1 -1 -1 -1 
321 27 408 159 41 49 -1 -1 -1 -1 
322 27 411 158 39 49 -1 -1 -1 -1 
323 27 412 157 42 49 -1 -1 -1 -1 
324 27 417 155 39 48 -1 -1 -1 -1 
325 27 420 155 37 47 -1 -1 -1 -1 
326 27 423 154 37 48 -1 -1 -1 -1 
327 27 425 154 37 46 -1 -1 -1 -1 
328 27 427 153 37 46 -1 -1 -1 -1 
329 27 429 153 36 45 -1 -1 -1 -1 
330 27 431 152 34 45 -1 -1 -1 -1 
330 34 281 236 156 134 -1 -1 -1 -1 
331 27 433 153 33 42 -1 -1 -1 -1 
331 34 310 225 138 120 -1 -1 -1 -1 
332 27 435 152 33 42 -1 -1 -1 -1 
332 34 335 217 123 109 -1 -1 -1 -1 
333 27 437 151 32 41 -1 -1 -1 -1 
333 34 357 211 109 99 -1 -1 -1 -1 
334 27 440 151 30 40 -1 -1 -1 -1 
334 34 374 206 100 87 -1 -1 -1 -1 
335 27 442 150 29 40 -1 -1 -1 -1 
335 34 388 202 91 80 -1 -1 -1 -1 
335 35 442 150 29 39 -1 -1 -1 -1 
336 27 444 149 28 40 -1 -1 -1 -1 
336 34 401 196 82 77 -1 -1 -1 -1 
336 35 444 150 29 38 -1 -1 -1 -1 
337 27 444 149 28 40 -1 -1 -1 -1 
337 34 401 196 82 77 -1 -1 -1 -1 
337 35 444 150 29 38 -1 -1 -1 -1 
338 27 444 149 28 40 -1 -1 -1 -1 
339 27 448 148 27 39 -1 -1 -1 -1 
339 34 421 188 73 75 -1 -1 -1 -1 
340 27 448 148 27 39 -1 -1 -1 -1 
341 34 429 186 68 67 -1 -1 -1 -1 
342 27 449 146 29 38 -1 -1 -1 -1 
342 34 436 185 63 61 -1 -1 -1 -1 
343 27 451 145 28 38 -1 -1 -1 -1 
343 34 443 182 60 59 -1 -1 -1 -1 
344 27 451 145 28 38 -1 -1 -1 -1 
344 34 451 177 54 56 -1 -1 -1 -1 
345 34 451 177 54 56 -1 -1 -1 -1 
345 36 142 366 192 113 -1 -1 -1 -1 
346 34 455 175 53 54 -1 -1 -1 -1 
346 36 193 341 164 131 -1 -1 -1 -1 
347 34 460 173 50 54 -1 -1 -1 -1 
347 36 235 319 147 121 -1 -1 -1 -1 
348 34 463 168 49 55 -1 -1 -1 -1 
348 36 270 301 130 108 -1 -1 -1 -1 
349 34 463 168 49 55 -1 -1 -1 -1 
349 36 270 301 130 108 -1 -1 -1 -1 
350 27 459 145 24 35 -1 -1 -1 -1 
350 34 466 169 48 53 -1 -1 -1 -1 
350 36 299 284 116 95 -1 -1 -1 -1 
351 27 461 145 24 34 -1 -1 -1 -1 
351 34 471 167 44 49 -1 -1 -1 -1 
351 36 323 265 104 92 -1 -1 -1 -1 
352 27 462 146 25 32 -1 -1 -1 -1 
352 34 476 163 42 49 -1 -1 -1 -1 
352 36 346 260 93 76 -1 -1 -1 -1 
353 27 462 146 25 32 -1 -1 -1 -1 
353 34 476 163 42 49 -1 -1 -1 -1 
353 36 346 260 93 76 -1 -1 -1 -1 
354 27 462 146 25 32 -1 -1 -1 -1 
354 34 479 163 40 48 -1 -1 -1 -1 
355 34 479 163 40 48 -1 -1 -1 -1 
355 36 363 252 86 69 -1 -1 -1 -1 
356 27 463 145 25 31 -1 -1 -1 -1 
356 34 481 162 40 48 -1 -1 -1 -1 
356 36 379 240 79 64 -1 -1 -1 -1 
357 27 464 145 25 30 -1 -1 -1 -1 
357 34 485 162 37 40 -1 -1 -1 -1 
357 36 391 233 74 62 -1 -1 -1 -1 
358 27 464 145 25 30 -1 -1 -1 -1 
358 34 485 162 37 40 -1 -1 -1 -1 
358 36 391 233 74 62 -1 -1 -1 -1 
359 27 465 145 25 30 -1 -1 -1 -1 
359 34 488 161 35 40 -1 -1 -1 -1 
359 36 403 227 68 56 -1 -1 -1 -1 
360 27 467 145 22 29 -1 -1 -1 -1 
360 34 491 160 33 40 -1 -1 -1 -1 
360 36 414 224 62 50 -1 -1 -1 -1 
361 27 469 144 21 29 -1 -1 -1 -1 
361 34 492 159 33 38 -1 -1 -1 -1 
361 36 423 216 59 48 -1 -1 -1 -1 
362 27 469 144 21 29 -1 -1 -1 -1 
362 34 492 159 33 38 -1 -1 -1 -1 
362 36 423 216 59 48 -1 -1 -1 -1 
363 27 470 144 21 29 -1 -1 -1 -1 
363 34 495 157 31 37 -1 -1 -1 -1 
363 36 431 212 53 45 -1 -1 -1 -1 
364 27 471 143 21 30 -1 -1 -1 -1 
364 34 497 154 31 39 -1 -1 -1 -1 
364 36 437 209 52 41 -1 -1 -1 -1 
365 27 471 143 21 30 -1 -1 -1 -1 
365 34 497 154 31 39 -1 -1 -1 -1 
365 36 437 209 52 41 -1 -1 -1 -1 
366 27 471 143 21 30 -1 -1 -1 -1 
366 34 499 154 30 36 -1 -1 -1 -1 
367 34 502 153 28 35 -1 -1 -1 -1 
367 36 451 202 46 37 -1 -1 -1 -1 
368 34 502 153 28 35 -1 -1 -1 -1 
368 36 451 202 46 37 -1 -1 -1 -1 
369 27 473 144 22 26 -1 -1 -1 -1 
369 34 503 153 29 34 -1 -1 -1 -1 
369 36 457 198 41 35 -1 -1 -1 -1 
370 27 474 144 22 26 -1 -1 -1 -1 
370 34 504 153 28 32 -1 -1 -1 -1 
370 36 461 194 40 34 -1 -1 -1 -1 
371 27 476 144 20 26 -1 -1 -1 -1 
371 34 505 152 28 31 -1 -1 -1 -1 
371 36 466 191 38 34 -1 -1 -1 -1 
372 27 476 144 20 26 -1 -1 -1 -1 
372 34 505 152 28 31 -1 -1 -1 -1 
372 36 466 191 38 34 -1 -1 -1 -1 
373 27 477 144 20 25 -1 -1 -1 -1 
373 34 508 152 24 29 -1 -1 -1 -1 
373 36 471 188 34 32 -1 -1 -1 -1 
374 27 478 143 20 26 -1 -1 -1 -1 
374 34 508 152 24 29 -1 -1 -1 -1 
375 27 478 143 20 26 -1 -1 -1 -1 
375 36 475 186 32 29 -1 -1 -1 -1 
376 27 479 145 19 23 -1 -1 -1 -1 
376 36 477 184 34 29 -1 -1 -1 -1 
377 27 480 145 18 23 -1 -1 -1 -1 
377 36 480 181 32 28 -1 -1 -1 -1 
378 27 480 145 18 23 -1 -1 -1 -1 
378 36 480 181 32 28 -1 -1 -1 -1 
379 27 481 145 18 22 -1 -1 -1 -1 
379 36 485 180 29 25 -1 -1 -1 -1 
380 27 482 144 18 22 -1 -1 -1 -1 
380 34 514 148 21 25 -1 -1 -1 -1 
380 36 487 178 29 25 -1 -1 -1 -1 
381 27 483 143 18 23 -1 -1 -1 -1 
381 34 514 148 21 25 -1 -1 -1 -1 
382 27 483 143 18 23 -1 -1 -1 -1 
382 36 492 175 24 24 -1 -1 -1 -1 
383 27 484 143 18 22 -1 -1 -1 -1 
383 36 494 173 24 23 -1 -1 -1 -1 
384 27 485 144 17 21 -1 -1 -1 -1 
384 36 496 172 24 23 -1 -1 -1 -1 
385 27 485 144 17 21 -1 -1 -1 -1 
385 36 496 172 24 23 -1 -1 -1 -1 
386 27 485 145 17 19 -1 -1 -1 -1 
386 34 520 145 17 23 -1 -1 -1 -1 
386 36 498 171 23 21 -1 -1 -1 -1 
387 27 486 144 17 20 -1 -1 -1 -1 
387 34 520 144 18 25 -1 -1 -1 -1 
387 36 499 170 23 21 -1 -1 -1 -1 
388 27 487 144 17 19 -1 -1 -1 -1 
388 34 521 144 17 24 -1 -1 -1 -1 
388 36 500 170 23 19 -1 -1 -1 -1 
389 27 487 144 17 19 -1 -1 -1 -1 
389 34 521 144 17 24 -1 -1 -1 -1 
389 36 500 170 23 19 -1 -1 -1 -1 
390 27 488 143 17 20 -1 -1 -1 -1 
390 34 521 144 17 24 -1 -1 -1 -1 
391 27 489 143 16 20 -1 -1 -1 -1 
391 36 505 166 21 19 -1 -1 -1 -1 
392 27 489 143 16 20 -1 -1 -1 -1 
392 36 505 166 21 19 -1 -1 -1 -1 
393 27 490 143 15 19 -1 -1 -1 -1 
393 36 507 164 21 19 -1 -1 -1 -1 
394 27 491 143 16 19 -1 -1 -1 -1 
394 36 510 163 20 18 -1 -1 -1 -1 
395 27 491 143 16 19 -1 -1 -1 -1 
395 36 510 163 20 18 -1 -1 -1 -1 
396 27 492 142 15 19 -1 -1 -1 -1 
396 36 510 162 20 19 -1 -1 -1 -1 
397 27 492 142 15 19 -1 -1 -1 -1 
397 36 510 162 20 19 -1 -1 -1 -1 
398 27 492 142 15 19 -1 -1 -1 -1 
399 36 512 161 21 17 -1 -1 -1 -1 
400 36 512 161 21 17 -1 -1 -1 -1 
401 36 513 161 19 15 -1 -1 -1 -1 
402 36 516 160 19 17 -1 -1 -1 -1 
403 27 495 138 15 22 -1 -1 -1 -1 
403 36 517 159 19 16 -1 -1 -1 -1 
404 27 495 138 15 22 -1 -1 -1 -1 
404 36 517 159 19 16 -1 -1 -1 -1 
405 27 496 138 15 22 -1 -1 -1 -1 
405 36 519 158 17 15 -1 -1 -1 -1 
406 27 496 138 15 21 -1 -1 -1 -1 
406 36 520 157 16 14 -1 -1 -1 -1 
407 27 496 138 15 21 -1 -1 -1 -1 
407 36 520 157 16 14 -1 -1 -1 -1 
408 27 496 139 16 20 -1 -1 -1 -1 
408 36 521 156 16 13 -1 -1 -1 -1 
409 27 497 140 15 19 -1 -1 -1 -1 
409 36 521 155 17 15 -1 -1 -1 -1 
410 27 497 139 16 19 -1 -1 -1 -1 
410 36 522 153 18 16 -1 -1 -1 -1 
411 27 497 139 16 19 -1 -1 -1 -1 
411 36 522 153 18 16 -1 -1 -1 -1 
412 27 498 140 15 18 -1 -1 -1 -1 
412 36 523 152 17 16 -1 -1 -1 -1 
436 27 498 140 15 18 -1 -1 -1 -1 
438 38 507 138 15 15 -1 -1 -1 -1 
500 38 507 138 15 15 -1 -1 -1 -1 
507 39 582 155 13 14 -1 -1 -1 -1 
508 39 582 156 13 13 -1 -1 -1 -1 
509 39 583 157 13 13 -1 -1 -1 -1 
510 39 582 156 15 15 -1 -1 -1 -1 
511 39 582 156 15 15 -1 -1 -1 -1 
512 39 583 157 15 16 -1 -1 -1 -1 
513 39 583 158 15 16 -1 -1 -1 -1 
514 39 583 158 15 16 -1 -1 -1 -1 
515 39 584 161 15 17 -1 -1 -1 -1 
516 39 585 164 14 16 -1 -1 -1 -1 
517 39 586 166 14 14 -1 -1 -1 -1 
518 39 587 168 13 14 -1 -1 -1 -1 
519 39 587 168 13 14 -1 -1 -1 -1 
520 39 587 168 14 15 -1 -1 -1 -1 
521 39 588 168 15 16 -1 -1 -1 -1 
522 39 588 168 16 17 -1 -1 -1 -1 
523 39 589 169 16 19 -1 -1 -1 -1 
524 39 589 169 16 19 -1 -1 -1 -1 
524 41 316 200 140 146 -1 -1 -1 -1 
525 39 589 172 17 19 -1 -1 -1 -1 
525 41 346 194 122 130 -1 -1 -1 -1 
526 39 589 173 19 20 -1 -1 -1 -1 
526 41 370 192 103 114 -1 -1 -1 -1 
527 39 589 173 19 20 -1 -1 -1 -1 
527 41 370 192 103 114 -1 -1 -1 -1 
528 39 591 174 18 21 -1 -1 -1 -1 
528 41 387 187 97 98 -1 -1 -1 -1 
529 39 591 176 19 21 -1 -1 -1 -1 
529 41 401 184 88 89 -1 -1 -1 -1 
530 39 591 176 19 21 -1 -1 -1 -1 
530 41 401 184 88 89 -1 -1 -1 -1 
531 39 594 178 17 21 -1 -1 -1 -1 
531 41 416 181 80 85 -1 -1 -1 -1 
532 39 594 178 17 21 -1 -1 -1 -1 
532 41 416 181 80 85 -1 -1 -1 -1 
533 39 595 178 18 24 -1 -1 -1 -1 
533 41 427 175 74 85 -1 -1 -1 -1 
534 39 596 179 19 26 -1 -1 -1 -1 
534 41 436 172 67 76 -1 -1 -1 -1 
535 39 596 179 19 26 -1 -1 -1 -1 
535 41 436 172 67 76 -1 -1 -1 -1 
536 39 596 182 21 26 -1 -1 -1 -1 
536 41 446 171 60 70 -1 -1 -1 -1 
537 39 596 182 21 26 -1 -1 -1 -1 
537 41 446 171 60 70 -1 -1 -1 -1 
538 39 596 185 24 27 -1 -1 -1 -1 
538 41 453 171 57 66 -1 -1 -1 -1 
539 39 597 186 25 31 -1 -1 -1 -1 
539 41 459 169 54 62 -1 -1 -1 -1 
540 39 597 186 25 31 -1 -1 -1 -1 
540 41 459 169 54 62 -1 -1 -1 -1 
541 39 601 190 22 30 -1 -1 -1 -1 
541 41 465 164 50 59 -1 -1 -1 -1 
542 39 601 194 26 30 -1 -1 -1 -1 
542 41 468 160 50 62 -1 -1 -1 -1 
543 39 601 194 26 30 -1 -1 -1 -1 
543 41 468 160 50 62 -1 -1 -1 -1 
544 39 601 194 30 36 -1 -1 -1 -1 
544 41 475 160 45 58 -1 -1 -1 -1 
545 39 603 199 30 34 -1 -1 -1 -1 
545 41 479 160 43 54 -1 -1 -1 -1 
546 39 603 199 30 34 -1 -1 -1 -1 
546 41 479 160 43 54 -1 -1 -1 -1 
547 39 606 204 30 36 -1 -1 -1 -1 
547 41 484 157 42 54 -1 -1 -1 -1 
548 39 607 207 32 40 -1 -1 -1 -1 
549 39 607 207 32 40 -1 -1 -1 -1 
550 39 610 210 29 43 -1 -1 -1 -1 
551 39 610 210 29 43 -1 -1 -1 -1 
552 39 611 213 28 48 -1 -1 -1 -1 
553 39 613 216 26 55 -1 -1 -1 -1 
554 39 613 216 26 55 -1 -1 -1 -1 
555 39 618 220 21 61 -1 -1 -1 -1 
556 39 618 220 21 61 -1 -1 -1 -1 
557 39 618 220 21 61 -1 -1 -1 -1 
564 43 509 142 28 43 -1 -1 -1 -1 
565 43 512 141 27 43 -1 -1 -1 -1 
566 43 512 141 27 43 -1 -1 -1 -1 
568 43 512 141 27 43 -1 -1 -1 -1 
570 44 114 393 197 85 -1 -1 -1 -1 
571 44 114 393 197 85 -1 -1 -1 -1 
572 44 174 360 173 117 -1 -1 -1 -1 
573 44 227 331 148 126 -1 -1 -1 -1 
574 44 227 331 148 126 -1 -1 -1 -1 
575 44 270 305 129 110 -1 -1 -1 -1 
576 44 306 286 111 93 -1 -1 -1 -1 
577 44 306 286 111 93 -1 -1 -1 -1 
578 44 333 266 100 87 -1 -1 -1 -1 
579 44 333 266 100 87 -1 -1 -1 -1 
580 44 359 255 86 76 -1 -1 -1 -1 
581 44 378 243 78 70 -1 -1 -1 -1 
582 44 378 243 78 70 -1 -1 -1 -1 
583 39 596 167 13 13 -1 -1 -1 -1 
583 44 393 234 73 64 -1 -1 -1 -1 
584 39 596 167 13 13 -1 -1 -1 -1 
584 44 393 234 73 64 -1 -1 -1 -1 
585 39 597 168 13 13 -1 -1 -1 -1 
585 44 408 224 64 60 -1 -1 -1 -1 
586 39 597 168 13 13 -1 -1 -1 -1 
586 44 420 218 59 53 -1 -1 -1 -1 
587 39 597 168 13 13 -1 -1 -1 -1 
587 44 420 218 59 53 -1 -1 -1 -1 
588 39 597 168 13 14 -1 -1 -1 -1 
588 44 429 211 56 51 -1 -1 -1 -1 
589 39 597 169 14 14 -1 -1 -1 -1 
589 44 436 209 54 43 -1 -1 -1 -1 
590 39 597 169 14 14 -1 -1 -1 -1 
590 44 436 209 54 43 -1 -1 -1 -1 
590 45 436 210 54 44 -1 -1 -1 -1 
591 39 598 170 13 14 -1 -1 -1 -1 
591 44 436 209 54 43 -1 -1 -1 -1 
592 39 598 170 13 14 -1 -1 -1 -1 
592 45 445 204 46 42 -1 -1 -1 -1 
593 39 598 170 14 15 -1 -1 -1 -1 
593 45 455 199 40 38 -1 -1 -1 -1 
594 39 599 174 15 13 -1 -1 -1 -1 
594 45 459 196 40 35 -1 -1 -1 -1 
595 39 600 175 14 14 -1 -1 -1 -1 
595 45 464 193 38 32 -1 -1 -1 -1 
596 39 600 175 14 14 -1 -1 -1 -1 
596 45 464 193 38 32 -1 -1 -1 -1 
597 39 601 177 14 14 -1 -1 -1 -1 
597 45 470 186 34 34 -1 -1 -1 -1 
598 39 601 178 15 13 -1 -1 -1 -1 
598 45 473 186 34 29 -1 -1 -1 -1 
599 39 601 178 15 13 -1 -1 -1 -1 
599 45 473 186 34 29 -1 -1 -1 -1 
600 39 602 179 17 14 -1 -1 -1 -1 
600 45 478 185 31 27 -1 -1 -1 -1 
601 39 603 179 17 17 -1 -1 -1 -1 
601 45 479 182 32 26 -1 -1 -1 -1 
602 39 603 179 17 17 -1 -1 -1 -1 
602 45 479 182 32 26 -1 -1 -1 -1 
602 47 135 364 176 114 -1 -1 -1 -1 
603 39 604 179 17 20 -1 -1 -1 -1 
603 45 485 178 27 26 -1 -1 -1 -1 
603 47 191 334 154 123 -1 -1 -1 -1 
604 39 605 179 17 21 -1 -1 -1 -1 
604 45 489 176 25 25 -1 -1 -1 -1 
604 47 238 309 134 104 -1 -1 -1 -1 
605 39 605 179 17 21 -1 -1 -1 -1 
605 45 489 176 25 25 -1 -1 -1 -1 
605 47 238 309 134 104 -1 -1 -1 -1 
606 39 607 182 16 20 -1 -1 -1 -1 
606 45 492 174 24 23 -1 -1 -1 -1 
606 47 277 287 115 93 -1 -1 -1 -1 
607 39 607 182 16 20 -1 -1 -1 -1 
607 45 492 174 24 23 -1 -1 -1 -1 
607 47 277 287 115 93 -1 -1 -1 -1 
608 39 607 186 17 17 -1 -1 -1 -1 
608 45 494 172 25 23 -1 -1 -1 -1 
608 47 308 269 102 84 -1 -1 -1 -1 
609 39 608 185 19 20 -1 -1 -1 -1 
609 45 497 172 23 20 -1 -1 -1 -1 
609 47 335 256 90 74 -1 -1 -1 -1 
610 39 608 185 19 20 -1 -1 -1 -1 
610 45 497 172 23 20 -1 -1 -1 -1 
610 47 335 256 90 74 -1 -1 -1 -1 
611 39 608 184 19 22 -1 -1 -1 -1 
611 45 498 170 23 21 -1 -1 -1 -1 
611 47 358 246 79 66 -1 -1 -1 -1 
612 39 610 188 19 21 -1 -1 -1 -1 
612 45 498 168 24 20 -1 -1 -1 -1 
612 47 376 235 71 60 -1 -1 -1 -1 
613 39 610 188 19 21 -1 -1 -1 -1 
613 45 498 168 24 20 -1 -1 -1 -1 
613 47 376 235 71 60 -1 -1 -1 -1 
614 39 610 188 22 23 -1 -1 -1 -1 
614 45 499 165 24 21 -1 -1 -1 -1 
614 47 389 226 68 55 -1 -1 -1 -1 
615 39 612 189 22 25 -1 -1 -1 -1 
615 45 503 165 22 19 -1 -1 -1 -1 
615 47 403 221 62 48 -1 -1 -1 -1 
616 39 612 189 22 25 -1 -1 -1 -1 
616 45 503 165 22 19 -1 -1 -1 -1 
616 47 403 221 62 48 -1 -1 -1 -1 
616 48 577 156 12 16 -1 -1 -1 -1 
617 39 615 192 20 24 -1 -1 -1 -1 
617 45 506 163 20 18 -1 -1 -1 -1 
617 47 412 213 60 47 -1 -1 -1 -1 
617 48 577 156 12 17 -1 -1 -1 -1 
618 39 616 195 21 25 -1 -1 -1 -1 
618 45 507 161 20 19 -1 -1 -1 -1 
618 47 424 209 52 41 -1 -1 -1 -1 
618 48 577 157 13 17 -1 -1 -1 -1 
619 39 617 197 22 27 -1 -1 -1 -1 
619 45 510 162 17 15 -1 -1 -1 -1 
619 47 432 204 49 37 -1 -1 -1 -1 
619 48 577 160 15 16 -1 -1 -1 -1 
620 39 617 197 22 27 -1 -1 -1 -1 
620 45 510 162 17 15 -1 -1 -1 -1 
620 47 432 204 49 37 -1 -1 -1 -1 
620 48 577 160 15 16 -1 -1 -1 -1 
621 39 619 197 20 29 -1 -1 -1 -1 
621 45 511 160 18 17 -1 -1 -1 -1 
621 47 440 199 44 37 -1 -1 -1 -1 
621 48 577 161 15 16 -1 -1 -1 -1 
622 39 620 200 19 30 -1 -1 -1 -1 
622 45 511 159 18 16 -1 -1 -1 -1 
622 47 448 195 41 34 -1 -1 -1 -1 
622 48 577 165 14 14 -1 -1 -1 -1 
623 39 620 200 19 30 -1 -1 -1 -1 
623 45 511 159 18 16 -1 -1 -1 -1 
623 47 448 195 41 34 -1 -1 -1 -1 
623 48 577 165 14 14 -1 -1 -1 -1 
624 39 622 203 17 28 -1 -1 -1 -1 
624 45 512 158 19 16 -1 -1 -1 -1 
624 47 453 192 38 34 -1 -1 -1 -1 
624 48 577 165 16 16 -1 -1 -1 -1 
625 39 624 206 15 29 -1 -1 -1 -1 
625 45 514 156 18 17 -1 -1 -1 -1 
625 47 460 188 35 30 -1 -1 -1 -1 
625 48 577 166 17 15 -1 -1 -1 -1 
626 39 624 206 15 29 -1 -1 -1 -1 
626 45 515 156 18 15 -1 -1 -1 -1 
626 47 463 184 36 30 -1 -1 -1 -1 
627 45 515 156 18 15 -1 -1 -1 -1 
627 47 463 184 36 30 -1 -1 -1 -1 
627 48 577 167 18 16 -1 -1 -1 -1 
628 45 517 154 16 16 -1 -1 -1 -1 
628 47 468 182 32 27 -1 -1 -1 -1 
628 48 578 169 18 16 -1 -1 -1 -1 
629 45 518 154 16 15 -1 -1 -1 -1 
629 47 472 181 30 25 -1 -1 -1 -1 
629 48 578 170 19 16 -1 -1 -1 -1 
630 45 518 154 16 15 -1 -1 -1 -1 
630 47 472 181 30 25 -1 -1 -1 -1 
630 48 578 170 19 16 -1 -1 -1 -1 
631 45 519 153 16 15 -1 -1 -1 -1 
631 47 475 179 30 24 -1 -1 -1 -1 
631 48 578 171 20 17 -1 -1 -1 -1 
632 45 520 152 15 14 -1 -1 -1 -1 
632 47 478 175 28 24 -1 -1 -1 -1 
632 48 580 172 18 18 -1 -1 -1 -1 
633 45 520 152 15 14 -1 -1 -1 -1 
633 47 478 175 28 24 -1 -1 -1 -1 
633 48 580 172 18 18 -1 -1 -1 -1 
634 45 521 152 15 13 -1 -1 -1 -1 
634 47 481 173 28 23 -1 -1 -1 -1 
634 48 580 173 19 19 -1 -1 -1 -1 
635 45 522 151 14 12 -1 -1 -1 -1 
635 47 485 171 26 22 -1 -1 -1 -1 
635 48 581 175 18 18 -1 -1 -1 -1 
636 45 523 152 14 11 -1 -1 -1 -1 
636 47 487 170 25 22 -1 -1 -1 -1 
636 48 581 177 18 19 -1 -1 -1 -1 
637 45 523 152 14 11 -1 -1 -1 -1 
637 47 487 170 25 22 -1 -1 -1 -1 
637 48 581 177 18 19 -1 -1 -1 -1 
638 45 524 150 13 12 -1 -1 -1 -1 
638 47 489 169 24 20 -1 -1 -1 -1 
638 48 582 178 18 20 -1 -1 -1 -1 
639 45 525 150 12 11 -1 -1 -1 -1 
639 47 493 167 21 19 -1 -1 -1 -1 
639 48 583 178 20 23 -1 -1 -1 -1 
640 45 525 150 12 11 -1 -1 -1 -1 
640 47 493 167 21 19 -1 -1 -1 -1 
640 48 583 178 20 23 -1 -1 -1 -1 
641 45 525 149 13 11 -1 -1 -1 -1 
641 47 494 166 22 19 -1 -1 -1 -1 
641 48 584 182 21 21 -1 -1 -1 -1 
642 45 526 148 14 11 -1 -1 -1 -1 
642 47 497 163 22 18 -1 -1 -1 -1 
642 48 585 183 20 24 -1 -1 -1 -1 
643 45 526 148 14 11 -1 -1 -1 -1 
643 47 497 163 22 18 -1 -1 -1 -1 
643 48 585 183 20 24 -1 -1 -1 -1 
644 45 528 148 13 10 -1 -1 -1 -1 
644 47 499 162 21 18 -1 -1 -1 -1 
644 48 584 185 23 23 -1 -1 -1 -1 
645 39 529 145 14 13 -1 -1 -1 -1 
645 45 528 148 13 10 -1 -1 -1 -1 
645 47 500 162 20 17 -1 -1 -1 -1 
646 39 529 145 15 13 -1 -1 -1 -1 
646 47 501 162 21 14 -1 -1 -1 -1 
646 48 586 190 24 26 -1 -1 -1 -1 
647 39 530 145 15 12 -1 -1 -1 -1 
647 47 505 160 19 16 -1 -1 -1 -1 
647 48 588 193 23 26 -1 -1 -1 -1 
648 39 530 145 15 12 -1 -1 -1 -1 
648 47 505 160 19 16 -1 -1 -1 -1 
648 48 588 193 23 26 -1 -1 -1 -1 
649 39 530 145 15 12 -1 -1 -1 -1 
649 47 506 158 19 16 -1 -1 -1 -1 
650 47 506 158 19 16 -1 -1 -1 -1 
650 48 590 196 23 28 -1 -1 -1 -1 
651 47 507 157 18 16 -1 -1 -1 -1 
651 48 590 197 25 33 -1 -1 -1 -1 
652 47 509 156 17 15 -1 -1 -1 -1 
652 48 590 200 28 33 -1 -1 -1 -1 
653 47 509 156 17 15 -1 -1 -1 -1 
653 48 590 200 28 33 -1 -1 -1 -1 
654 47 510 155 17 14 -1 -1 -1 -1 
654 48 591 206 31 35 -1 -1 -1 -1 
655 47 512 154 16 14 -1 -1 -1 -1 
656 47 512 154 16 14 -1 -1 -1 -1 
657 47 512 153 17 15 -1 -1 -1 -1 
658 47 512 153 17 15 -1 -1 -1 -1 
659 47 514 153 16 13 -1 -1 -1 -1 
660 47 514 152 17 13 -1 -1 -1 -1 
661 47 514 152 17 13 -1 -1 -1 -1 
662 47 515 152 17 12 -1 -1 -1 -1 
663 47 515 152 17 12 -1 -1 -1 -1 
664 47 516 151 17 13 -1 -1 -1 -1 
665 47 517 151 17 12 -1 -1 -1 -1 
666 47 517 151 17 12 -1 -1 -1 -1 
667 47 519 150 15 12 -1 -1 -1 -1 
668 47 519 150 15 12 -1 -1 -1 -1 
674 47 519 150 15 12 -1 -1 -1 -1 
676 51 98 366 231 112 -1 -1 -1 -1 
677 51 167 334 193 144 -1 -1 -1 -1 
678 51 222 309 162 136 -1 -1 -1 -1 
679 51 222 309 162 136 -1 -1 -1 -1 
680 51 265 287 140 116 -1 -1 -1 -1 
681 51 299 266 124 109 -1 -1 -1 -1 
682 51 299 266 124 109 -1 -1 -1 -1 
683 51 328 255 107 95 -1 -1 -1 -1 
684 51 355 241 93 87 -1 -1 -1 -1 
685 51 355 241 93 87 -1 -1 -1 -1 
685 52 354 243 96 87 -1 -1 -1 -1 
686 51 355 241 93 87 -1 -1 -1 -1 
687 51 392 225 72 70 -1 -1 -1 -1 
687 52 390 225 75 70 -1 -1 -1 -1 
688 51 392 225 72 70 -1 -1 -1 -1 
688 52 390 225 75 70 -1 -1 -1 -1 
689 51 404 218 69 63 -1 -1 -1 -1 
689 52 403 219 70 64 -1 -1 -1 -1 
690 51 414 212 64 60 -1 -1 -1 -1 
691 51 426 207 59 56 -1 -1 -1 -1 
692 51 426 207 59 56 -1 -1 -1 -1 
693 51 433 203 56 50 -1 -1 -1 -1 
694 51 433 203 56 50 -1 -1 -1 -1 
695 51 443 197 50 48 -1 -1 -1 -1 
696 51 450 194 47 44 -1 -1 -1 -1 
697 51 450 194 47 44 -1 -1 -1 -1 
698 51 457 186 43 47 -1 -1 -1 -1 
699 51 461 187 42 41 -1 -1 -1 -1 
700 51 461 187 42 41 -1 -1 -1 -1 
701 51 467 183 37 36 -1 -1 -1 -1 
702 51 467 183 37 36 -1 -1 -1 -1 
703 51 471 181 37 36 -1 -1 -1 -1 
704 51 475 178 35 35 -1 -1 -1 -1 
705 51 479 177 32 32 -1 -1 -1 -1 
706 51 479 177 32 32 -1 -1 -1 -1 
707 51 482 173 31 32 -1 -1 -1 -1 
708 51 482 173 31 32 -1 -1 -1 -1 
709 51 486 172 29 29 -1 -1 -1 -1 
710 51 490 171 27 27 -1 -1 -1 -1 
711 51 490 171 27 27 -1 -1 -1 -1 
711 54 490 171 27 27 -1 -1 -1 -1 
712 51 492 169 26 25 -1 -1 -1 -1 
712 54 492 168 27 27 -1 -1 -1 -1 
713 51 492 169 26 25 -1 -1 -1 -1 
714 54 497 166 24 27 -1 -1 -1 -1 
715 54 497 166 24 27 -1 -1 -1 -1 
716 54 498 166 24 25 -1 -1 -1 -1 
717 54 499 163 25 23 -1 -1 -1 -1 
718 54 503 163 21 22 -1 -1 -1 -1 
719 54 503 163 21 22 -1 -1 -1 -1 
720 54 506 161 20 21 -1 -1 -1 -1 
721 54 508 160 18 21 -1 -1 -1 -1 
722 54 508 160 18 21 -1 -1 -1 -1 
723 54 510 158 19 21 -1 -1 -1 -1 
724 54 510 158 19 21 -1 -1 -1 -1 
725 54 511 158 19 20 -1 -1 -1 -1 
726 54 511 156 19 20 -1 -1 -1 -1 
727 54 511 156 19 20 -1 -1 -1 -1 
728 54 512 155 19 20 -1 -1 -1 -1 
