4 4 500 169 24 24 -1 -1 -1 -1 
5 4 503 166 22 23 -1 -1 -1 -1 
5 5 242 328 156 131 -1 -1 -1 -1 
6 4 505 164 22 22 -1 -1 -1 -1 
6 5 287 305 133 114 -1 -1 -1 -1 
7 4 505 164 22 22 -1 -1 -1 -1 
7 5 287 305 133 114 -1 -1 -1 -1 
8 4 508 163 21 22 -1 -1 -1 -1 
8 5 320 284 116 103 -1 -1 -1 -1 
8 6 352 162 84 80 -1 -1 -1 -1 
9 4 511 161 19 20 -1 -1 -1 -1 
9 5 371 254 90 82 -1 -1 -1 -1 
9 6 369 157 77 75 -1 -1 -1 -1 
10 4 511 161 19 20 -1 -1 -1 -1 
10 5 371 254 90 82 -1 -1 -1 -1 
10 6 369 157 77 75 -1 -1 -1 -1 
11 4 513 160 18 19 -1 -1 -1 -1 
11 5 390 243 79 72 -1 -1 -1 -1 
11 6 376 156 72 69 -1 -1 -1 -1 
12 4 514 159 19 18 -1 -1 -1 -1 
12 5 405 233 73 67 -1 -1 -1 -1 
12 6 382 155 72 66 -1 -1 -1 -1 
13 4 516 157 18 19 -1 -1 -1 -1 
13 5 419 226 65 59 -1 -1 -1 -1 
13 6 389 155 68 62 -1 -1 -1 -1 
13 8 389 152 70 65 -1 -1 -1 -1 
14 4 517 156 18 18 -1 -1 -1 -1 
14 5 430 219 59 55 -1 -1 -1 -1 
14 6 392 153 67 64 -1 -1 -1 -1 
14 8 395 155 64 63 -1 -1 -1 -1 
15 4 517 156 18 18 -1 -1 -1 -1 
15 5 430 219 59 55 -1 -1 -1 -1 
15 6 392 153 67 64 -1 -1 -1 -1 
15 8 395 155 64 63 -1 -1 -1 -1 
16 4 519 156 17 16 -1 -1 -1 -1 
16 5 439 211 54 53 -1 -1 -1 -1 
16 6 399 153 63 59 -1 -1 -1 -1 
16 8 400 154 61 59 -1 -1 -1 -1 
17 4 521 154 15 16 -1 -1 -1 -1 
17 5 448 209 50 45 -1 -1 -1 -1 
17 6 404 153 61 55 -1 -1 -1 -1 
17 8 404 155 60 54 -1 -1 -1 -1 
18 4 521 153 16 16 -1 -1 -1 -1 
18 5 456 203 45 44 -1 -1 -1 -1 
18 6 410 152 57 53 -1 -1 -1 -1 
18 8 408 154 58 53 -1 -1 -1 -1 
19 4 522 152 16 17 -1 -1 -1 -1 
19 5 462 198 42 41 -1 -1 -1 -1 
19 6 413 151 56 51 -1 -1 -1 -1 
19 8 413 154 55 50 -1 -1 -1 -1 
20 4 523 150 15 17 -1 -1 -1 -1 
20 5 466 196 40 38 -1 -1 -1 -1 
20 6 417 149 54 51 -1 -1 -1 -1 
20 8 417 151 53 52 -1 -1 -1 -1 
21 4 523 150 15 17 -1 -1 -1 -1 
21 5 466 196 40 38 -1 -1 -1 -1 
21 6 417 149 54 51 -1 -1 -1 -1 
21 8 417 151 53 52 -1 -1 -1 -1 
22 4 524 150 15 16 -1 -1 -1 -1 
22 5 472 192 36 36 -1 -1 -1 -1 
22 6 421 150 51 51 -1 -1 -1 -1 
22 8 422 150 49 52 -1 -1 -1 -1 
23 4 524 150 15 16 -1 -1 -1 -1 
23 5 476 187 36 36 -1 -1 -1 -1 
23 6 425 148 49 51 -1 -1 -1 -1 
24 5 479 185 35 32 -1 -1 -1 -1 
24 6 429 146 48 51 -1 -1 -1 -1 
24 8 430 147 47 50 -1 -1 -1 -1 
25 5 484 183 31 30 -1 -1 -1 -1 
25 6 433 148 45 48 -1 -1 -1 -1 
26 5 484 183 31 30 -1 -1 -1 -1 
26 6 433 148 45 48 -1 -1 -1 -1 
27 5 487 181 30 27 -1 -1 -1 -1 
27 6 436 146 44 50 -1 -1 -1 -1 
28 5 492 177 27 27 -1 -1 -1 -1 
28 6 439 147 44 47 -1 -1 -1 -1 
29 4 531 146 12 13 -1 -1 -1 -1 
29 5 494 174 27 26 -1 -1 -1 -1 
29 6 443 146 42 46 -1 -1 -1 -1 
30 4 531 146 13 13 -1 -1 -1 -1 
30 5 497 172 25 26 -1 -1 -1 -1 
30 6 446 144 40 47 -1 -1 -1 -1 
30 8 445 144 41 47 -1 -1 -1 -1 
31 4 531 146 13 13 -1 -1 -1 -1 
31 5 497 172 26 24 -1 -1 -1 -1 
32 5 499 172 26 21 -1 -1 -1 -1 
32 6 450 145 38 43 -1 -1 -1 -1 
33 5 499 172 26 21 -1 -1 -1 -1 
33 6 450 145 38 43 -1 -1 -1 -1 
34 5 503 169 22 22 -1 -1 -1 -1 
34 6 452 145 38 41 -1 -1 -1 -1 
35 5 505 167 21 22 -1 -1 -1 -1 
35 6 453 142 38 44 -1 -1 -1 -1 
36 5 507 165 20 20 -1 -1 -1 -1 
36 6 455 145 35 39 -1 -1 -1 -1 
37 5 510 162 20 21 -1 -1 -1 -1 
37 6 458 145 33 37 -1 -1 -1 -1 
38 5 510 162 20 21 -1 -1 -1 -1 
38 6 458 145 33 37 -1 -1 -1 -1 
39 5 511 162 19 20 -1 -1 -1 -1 
39 6 462 145 31 36 -1 -1 -1 -1 
40 4 590 156 12 14 -1 -1 -1 -1 
40 5 512 161 18 20 -1 -1 -1 -1 
40 6 461 145 33 34 -1 -1 -1 -1 
41 4 590 156 12 14 -1 -1 -1 -1 
41 5 514 160 18 18 -1 -1 -1 -1 
42 4 590 157 13 13 -1 -1 -1 -1 
42 5 514 159 19 18 -1 -1 -1 -1 
42 6 465 144 32 34 -1 -1 -1 -1 
43 4 590 157 13 13 -1 -1 -1 -1 
43 5 514 159 19 18 -1 -1 -1 -1 
43 6 465 144 32 34 -1 -1 -1 -1 
44 4 590 157 13 13 -1 -1 -1 -1 
44 5 516 158 19 18 -1 -1 -1 -1 
45 5 517 158 17 16 -1 -1 -1 -1 
45 6 469 144 30 32 -1 -1 -1 -1 
46 4 592 161 11 12 -1 -1 -1 -1 
46 5 518 158 16 15 -1 -1 -1 -1 
46 6 471 144 31 31 -1 -1 -1 -1 
47 4 592 162 11 11 -1 -1 -1 -1 
47 5 519 157 16 14 -1 -1 -1 -1 
47 6 473 143 30 31 -1 -1 -1 -1 
48 4 592 162 11 11 -1 -1 -1 -1 
48 5 521 156 15 14 -1 -1 -1 -1 
49 4 592 162 13 14 -1 -1 -1 -1 
49 5 522 154 15 15 -1 -1 -1 -1 
50 4 592 162 13 14 -1 -1 -1 -1 
50 5 522 154 15 15 -1 -1 -1 -1 
51 4 593 163 13 15 -1 -1 -1 -1 
51 5 522 152 16 16 -1 -1 -1 -1 
52 4 594 165 13 14 -1 -1 -1 -1 
52 5 523 151 14 15 -1 -1 -1 -1 
52 6 477 141 29 31 -1 -1 -1 -1 
53 4 595 166 13 14 -1 -1 -1 -1 
53 5 525 151 13 14 -1 -1 -1 -1 
53 6 479 141 28 30 -1 -1 -1 -1 
54 4 595 167 14 13 -1 -1 -1 -1 
54 5 525 150 14 14 -1 -1 -1 -1 
54 6 482 140 25 30 -1 -1 -1 -1 
55 4 596 168 14 13 -1 -1 -1 -1 
55 5 525 150 14 14 -1 -1 -1 -1 
56 4 597 168 13 14 -1 -1 -1 -1 
56 6 485 139 25 29 -1 -1 -1 -1 
57 4 597 168 13 15 -1 -1 -1 -1 
57 6 485 140 25 27 -1 -1 -1 -1 
58 4 597 168 14 16 -1 -1 -1 -1 
59 4 597 168 14 16 -1 -1 -1 -1 
60 4 597 169 15 16 -1 -1 -1 -1 
60 5 530 147 13 12 -1 -1 -1 -1 
61 4 597 170 16 17 -1 -1 -1 -1 
61 5 531 146 12 12 -1 -1 -1 -1 
62 4 598 171 17 17 -1 -1 -1 -1 
62 5 531 146 13 12 -1 -1 -1 -1 
63 4 599 173 16 18 -1 -1 -1 -1 
63 5 531 145 13 12 -1 -1 -1 -1 
64 4 601 175 15 16 -1 -1 -1 -1 
64 5 532 145 12 11 -1 -1 -1 -1 
65 4 602 176 16 16 -1 -1 -1 -1 
65 5 532 145 12 11 -1 -1 -1 -1 
66 4 603 177 17 17 -1 -1 -1 -1 
66 15 43 336 220 142 -1 -1 -1 -1 
67 4 604 177 17 20 -1 -1 -1 -1 
67 15 103 311 195 137 -1 -1 -1 -1 
68 4 605 176 17 22 -1 -1 -1 -1 
68 15 156 292 172 121 -1 -1 -1 -1 
69 4 606 178 17 22 -1 -1 -1 -1 
69 15 201 274 150 107 -1 -1 -1 -1 
70 4 607 179 19 23 -1 -1 -1 -1 
70 15 240 260 134 98 -1 -1 -1 -1 
71 4 607 179 19 23 -1 -1 -1 -1 
71 15 240 260 134 98 -1 -1 -1 -1 
72 4 608 182 18 21 -1 -1 -1 -1 
72 15 270 249 118 87 -1 -1 -1 -1 
73 4 609 183 19 22 -1 -1 -1 -1 
73 15 297 238 106 80 -1 -1 -1 -1 
74 4 610 185 20 23 -1 -1 -1 -1 
74 15 321 231 95 72 -1 -1 -1 -1 
75 4 611 187 21 22 -1 -1 -1 -1 
75 15 342 221 85 67 -1 -1 -1 -1 
76 4 613 188 22 24 -1 -1 -1 -1 
76 15 358 214 79 63 -1 -1 -1 -1 
77 4 615 190 23 25 -1 -1 -1 -1 
77 15 375 212 71 55 -1 -1 -1 -1 
78 4 617 192 21 26 -1 -1 -1 -1 
78 15 386 205 68 54 -1 -1 -1 -1 
79 4 618 193 21 28 -1 -1 -1 -1 
79 15 399 203 62 48 -1 -1 -1 -1 
80 4 619 194 20 30 -1 -1 -1 -1 
80 15 408 196 58 48 -1 -1 -1 -1 
81 4 621 195 18 31 -1 -1 -1 -1 
81 15 418 193 55 44 -1 -1 -1 -1 
82 4 622 197 17 33 -1 -1 -1 -1 
82 15 427 190 51 41 -1 -1 -1 -1 
82 16 507 130 20 24 -1 -1 -1 -1 
83 4 624 197 15 35 -1 -1 -1 -1 
83 15 434 187 48 39 -1 -1 -1 -1 
84 4 625 198 14 36 -1 -1 -1 -1 
84 15 442 184 44 38 -1 -1 -1 -1 
85 4 625 198 14 36 -1 -1 -1 -1 
86 15 453 181 39 33 -1 -1 -1 -1 
87 15 459 178 35 31 -1 -1 -1 -1 
88 15 463 176 35 29 -1 -1 -1 -1 
89 15 467 175 33 28 -1 -1 -1 -1 
90 15 472 173 31 26 -1 -1 -1 -1 
91 15 475 171 30 26 -1 -1 -1 -1 
92 15 479 171 28 24 -1 -1 -1 -1 
93 15 482 167 28 25 -1 -1 -1 -1 
94 15 485 166 26 25 -1 -1 -1 -1 
95 15 487 166 26 22 -1 -1 -1 -1 
96 15 490 163 25 23 -1 -1 -1 -1 
97 15 493 163 24 22 -1 -1 -1 -1 
98 15 495 162 24 20 -1 -1 -1 -1 
99 15 499 161 21 20 -1 -1 -1 -1 
100 15 499 160 21 20 -1 -1 -1 -1 
101 15 500 159 23 19 -1 -1 -1 -1 
101 18 97 360 218 119 -1 -1 -1 -1 
102 15 504 158 20 18 -1 -1 -1 -1 
102 18 159 331 189 142 -1 -1 -1 -1 
103 15 505 155 20 19 -1 -1 -1 -1 
103 18 211 307 163 123 -1 -1 -1 -1 
104 15 506 155 19 19 -1 -1 -1 -1 
104 18 252 287 142 118 -1 -1 -1 -1 
105 15 508 154 19 19 -1 -1 -1 -1 
105 18 288 268 123 102 -1 -1 -1 -1 
106 15 511 154 18 17 -1 -1 -1 -1 
106 18 316 257 108 88 -1 -1 -1 -1 
107 15 511 154 19 16 -1 -1 -1 -1 
107 18 343 245 94 80 -1 -1 -1 -1 
108 15 513 153 18 17 -1 -1 -1 -1 
108 18 361 235 86 72 -1 -1 -1 -1 
109 15 515 152 16 16 -1 -1 -1 -1 
109 18 378 228 77 67 -1 -1 -1 -1 
110 15 515 151 18 16 -1 -1 -1 -1 
110 18 392 222 72 59 -1 -1 -1 -1 
111 15 516 150 18 16 -1 -1 -1 -1 
111 18 404 212 67 59 -1 -1 -1 -1 
112 15 517 150 17 15 -1 -1 -1 -1 
112 18 415 208 61 53 -1 -1 -1 -1 
113 15 518 150 17 14 -1 -1 -1 -1 
113 18 425 206 58 46 -1 -1 -1 -1 
114 15 520 150 15 13 -1 -1 -1 -1 
114 18 432 201 53 45 -1 -1 -1 -1 
115 15 520 149 16 13 -1 -1 -1 -1 
115 18 441 196 49 43 -1 -1 -1 -1 
116 15 521 149 16 13 -1 -1 -1 -1 
116 18 441 196 49 43 -1 -1 -1 -1 
117 15 523 146 15 14 -1 -1 -1 -1 
117 18 453 189 44 39 -1 -1 -1 -1 
118 15 523 146 17 13 -1 -1 -1 -1 
118 18 459 187 40 36 -1 -1 -1 -1 
119 15 525 145 14 13 -1 -1 -1 -1 
119 18 462 184 40 34 -1 -1 -1 -1 
120 15 525 145 15 13 -1 -1 -1 -1 
120 18 466 182 39 33 -1 -1 -1 -1 
121 15 526 145 15 12 -1 -1 -1 -1 
121 18 471 180 36 30 -1 -1 -1 -1 
122 15 526 145 16 12 -1 -1 -1 -1 
122 18 475 178 32 28 -1 -1 -1 -1 
123 15 528 145 15 11 -1 -1 -1 -1 
123 18 478 175 32 28 -1 -1 -1 -1 
124 15 529 144 15 11 -1 -1 -1 -1 
124 18 482 174 29 24 -1 -1 -1 -1 
125 15 529 144 15 11 -1 -1 -1 -1 
126 18 485 171 28 25 -1 -1 -1 -1 
127 18 486 170 28 25 -1 -1 -1 -1 
128 18 488 169 28 24 -1 -1 -1 -1 
129 18 492 168 25 22 -1 -1 -1 -1 
130 18 492 168 25 22 -1 -1 -1 -1 
131 18 494 166 25 22 -1 -1 -1 -1 
132 18 497 165 23 21 -1 -1 -1 -1 
133 18 497 165 23 21 -1 -1 -1 -1 
134 18 499 163 22 21 -1 -1 -1 -1 
134 22 78 384 205 95 -1 -1 -1 -1 
135 18 499 163 23 20 -1 -1 -1 -1 
135 22 134 359 180 118 -1 -1 -1 -1 
136 18 500 162 22 19 -1 -1 -1 -1 
136 22 180 336 158 128 -1 -1 -1 -1 
137 18 504 160 20 18 -1 -1 -1 -1 
137 22 222 315 139 118 -1 -1 -1 -1 
138 18 504 160 20 18 -1 -1 -1 -1 
138 22 222 315 139 118 -1 -1 -1 -1 
139 18 505 160 20 17 -1 -1 -1 -1 
139 22 252 298 128 107 -1 -1 -1 -1 
140 18 506 158 20 18 -1 -1 -1 -1 
140 22 283 284 113 92 -1 -1 -1 -1 
141 18 508 156 19 18 -1 -1 -1 -1 
141 22 307 269 102 87 -1 -1 -1 -1 
142 18 508 156 19 18 -1 -1 -1 -1 
142 22 307 269 102 87 -1 -1 -1 -1 
143 18 510 155 19 18 -1 -1 -1 -1 
143 22 326 258 95 80 -1 -1 -1 -1 
144 18 511 155 19 17 -1 -1 -1 -1 
144 22 348 250 82 73 -1 -1 -1 -1 
145 18 512 154 18 17 -1 -1 -1 -1 
145 22 363 241 77 68 -1 -1 -1 -1 
146 18 513 153 18 17 -1 -1 -1 -1 
146 22 378 233 70 64 -1 -1 -1 -1 
146 24 24 310 163 110 -1 -1 -1 -1 
147 18 513 153 18 17 -1 -1 -1 -1 
147 22 378 233 70 64 -1 -1 -1 -1 
147 24 24 310 163 110 -1 -1 -1 -1 
148 18 515 152 17 17 -1 -1 -1 -1 
148 22 390 226 66 58 -1 -1 -1 -1 
148 24 74 291 153 100 -1 -1 -1 -1 
149 18 516 153 17 14 -1 -1 -1 -1 
149 22 399 222 64 55 -1 -1 -1 -1 
149 24 123 275 135 89 -1 -1 -1 -1 
150 18 517 151 16 15 -1 -1 -1 -1 
150 22 409 216 59 53 -1 -1 -1 -1 
150 24 165 263 120 77 -1 -1 -1 -1 
151 18 518 151 16 14 -1 -1 -1 -1 
151 22 417 211 58 50 -1 -1 -1 -1 
151 24 201 249 109 72 -1 -1 -1 -1 
152 18 518 151 16 14 -1 -1 -1 -1 
152 22 417 211 58 50 -1 -1 -1 -1 
152 24 201 249 109 72 -1 -1 -1 -1 
153 18 518 150 17 15 -1 -1 -1 -1 
153 22 426 209 52 44 -1 -1 -1 -1 
153 24 231 237 100 69 -1 -1 -1 -1 
154 18 519 151 17 13 -1 -1 -1 -1 
154 22 434 205 48 43 -1 -1 -1 -1 
154 24 259 228 90 61 -1 -1 -1 -1 
155 18 520 149 17 14 -1 -1 -1 -1 
155 22 437 201 48 40 -1 -1 -1 -1 
155 24 282 222 82 55 -1 -1 -1 -1 
156 18 521 148 17 14 -1 -1 -1 -1 
156 22 447 197 43 39 -1 -1 -1 -1 
156 24 302 215 75 53 -1 -1 -1 -1 
157 18 521 148 17 14 -1 -1 -1 -1 
157 22 447 197 43 39 -1 -1 -1 -1 
157 24 302 215 75 53 -1 -1 -1 -1 
158 18 522 147 16 14 -1 -1 -1 -1 
158 22 452 194 40 38 -1 -1 -1 -1 
158 24 320 207 69 49 -1 -1 -1 -1 
159 18 522 147 16 14 -1 -1 -1 -1 
159 22 459 193 35 34 -1 -1 -1 -1 
159 24 336 202 64 46 -1 -1 -1 -1 
160 18 524 146 15 13 -1 -1 -1 -1 
160 22 462 188 36 35 -1 -1 -1 -1 
160 24 350 199 60 42 -1 -1 -1 -1 
161 18 524 146 15 13 -1 -1 -1 -1 
161 22 462 188 36 35 -1 -1 -1 -1 
161 24 350 199 60 42 -1 -1 -1 -1 
161 26 14 395 252 81 -1 -1 -1 -1 
162 18 525 146 14 13 -1 -1 -1 -1 
162 22 465 186 36 34 -1 -1 -1 -1 
162 24 363 198 54 37 -1 -1 -1 -1 
162 26 65 370 233 107 -1 -1 -1 -1 
163 18 525 146 14 13 -1 -1 -1 -1 
163 22 468 185 35 30 -1 -1 -1 -1 
163 24 375 193 50 35 -1 -1 -1 -1 
164 22 472 182 33 30 -1 -1 -1 -1 
164 24 385 191 47 33 -1 -1 -1 -1 
164 26 169 324 182 145 -1 -1 -1 -1 
165 22 476 182 31 27 -1 -1 -1 -1 
165 24 394 187 45 30 -1 -1 -1 -1 
165 26 210 305 161 129 -1 -1 -1 -1 
166 22 476 182 31 27 -1 -1 -1 -1 
166 24 394 187 45 30 -1 -1 -1 -1 
166 26 210 305 161 129 -1 -1 -1 -1 
167 22 478 179 32 28 -1 -1 -1 -1 
167 24 402 183 43 31 -1 -1 -1 -1 
167 26 245 288 142 115 -1 -1 -1 -1 
168 22 478 179 32 28 -1 -1 -1 -1 
168 24 402 183 43 31 -1 -1 -1 -1 
168 26 245 288 142 115 -1 -1 -1 -1 
169 22 482 177 29 26 -1 -1 -1 -1 
169 24 409 182 40 27 -1 -1 -1 -1 
169 26 274 271 129 109 -1 -1 -1 -1 
170 22 483 176 29 25 -1 -1 -1 -1 
170 24 417 178 38 28 -1 -1 -1 -1 
170 26 299 263 117 97 -1 -1 -1 -1 
171 22 485 174 29 25 -1 -1 -1 -1 
171 24 423 175 36 29 -1 -1 -1 -1 
171 26 322 253 103 85 -1 -1 -1 -1 
172 22 485 174 29 25 -1 -1 -1 -1 
172 24 423 175 36 29 -1 -1 -1 -1 
172 26 322 253 103 85 -1 -1 -1 -1 
173 22 490 172 26 25 -1 -1 -1 -1 
173 24 429 175 34 23 -1 -1 -1 -1 
173 26 343 244 93 81 -1 -1 -1 -1 
174 22 492 171 24 23 -1 -1 -1 -1 
174 24 433 173 32 23 -1 -1 -1 -1 
174 26 358 235 85 75 -1 -1 -1 -1 
175 22 492 171 24 23 -1 -1 -1 -1 
175 24 433 173 32 23 -1 -1 -1 -1 
175 26 358 235 85 75 -1 -1 -1 -1 
176 22 496 170 22 22 -1 -1 -1 -1 
176 24 440 171 29 22 -1 -1 -1 -1 
176 26 373 230 79 68 -1 -1 -1 -1 
177 22 498 168 22 23 -1 -1 -1 -1 
177 24 443 169 31 23 -1 -1 -1 -1 
177 26 384 223 74 65 -1 -1 -1 -1 
178 22 498 168 22 23 -1 -1 -1 -1 
178 24 443 169 31 23 -1 -1 -1 -1 
178 26 384 223 74 65 -1 -1 -1 -1 
179 22 498 168 22 21 -1 -1 -1 -1 
179 24 449 167 26 22 -1 -1 -1 -1 
179 26 394 216 70 62 -1 -1 -1 -1 
180 22 499 167 23 20 -1 -1 -1 -1 
180 24 453 166 26 21 -1 -1 -1 -1 
180 26 405 213 64 57 -1 -1 -1 -1 
181 22 499 167 23 20 -1 -1 -1 -1 
181 24 453 166 26 21 -1 -1 -1 -1 
181 26 405 213 64 57 -1 -1 -1 -1 
182 22 499 167 24 19 -1 -1 -1 -1 
182 24 455 164 27 20 -1 -1 -1 -1 
182 26 411 209 63 53 -1 -1 -1 -1 
183 22 503 165 21 19 -1 -1 -1 -1 
183 24 460 163 25 19 -1 -1 -1 -1 
183 26 421 205 57 50 -1 -1 -1 -1 
184 22 505 164 20 18 -1 -1 -1 -1 
184 24 465 161 23 19 -1 -1 -1 -1 
184 26 429 200 52 50 -1 -1 -1 -1 
185 22 505 164 20 18 -1 -1 -1 -1 
185 24 465 161 23 19 -1 -1 -1 -1 
185 26 429 200 52 50 -1 -1 -1 -1 
186 22 507 163 18 17 -1 -1 -1 -1 
186 24 467 161 22 18 -1 -1 -1 -1 
186 26 435 197 49 47 -1 -1 -1 -1 
187 22 509 162 18 18 -1 -1 -1 -1 
187 24 469 160 22 16 -1 -1 -1 -1 
187 26 441 194 47 44 -1 -1 -1 -1 
188 22 509 162 18 18 -1 -1 -1 -1 
188 24 469 160 22 16 -1 -1 -1 -1 
188 26 441 194 47 44 -1 -1 -1 -1 
189 22 511 161 17 18 -1 -1 -1 -1 
189 24 473 159 20 16 -1 -1 -1 -1 
189 26 447 192 45 41 -1 -1 -1 -1 
190 22 512 159 18 18 -1 -1 -1 -1 
190 24 474 158 20 16 -1 -1 -1 -1 
190 26 452 190 42 39 -1 -1 -1 -1 
191 22 512 159 18 18 -1 -1 -1 -1 
191 24 474 158 20 16 -1 -1 -1 -1 
191 26 452 190 42 39 -1 -1 -1 -1 
192 22 512 159 18 17 -1 -1 -1 -1 
192 24 477 157 20 16 -1 -1 -1 -1 
192 26 456 187 41 38 -1 -1 -1 -1 
193 22 513 159 18 16 -1 -1 -1 -1 
193 24 479 157 20 16 -1 -1 -1 -1 
193 26 461 184 38 37 -1 -1 -1 -1 
194 22 513 159 18 16 -1 -1 -1 -1 
194 24 479 157 20 16 -1 -1 -1 -1 
194 26 461 184 38 37 -1 -1 -1 -1 
195 22 513 159 19 15 -1 -1 -1 -1 
195 24 482 156 19 15 -1 -1 -1 -1 
195 26 463 182 37 35 -1 -1 -1 -1 
196 22 516 157 17 16 -1 -1 -1 -1 
196 24 485 153 18 16 -1 -1 -1 -1 
196 26 468 179 34 35 -1 -1 -1 -1 
197 22 516 157 17 16 -1 -1 -1 -1 
197 24 485 153 18 16 -1 -1 -1 -1 
197 26 468 179 34 35 -1 -1 -1 -1 
198 22 518 157 16 14 -1 -1 -1 -1 
198 24 486 153 17 15 -1 -1 -1 -1 
198 26 471 178 32 32 -1 -1 -1 -1 
199 22 518 157 16 14 -1 -1 -1 -1 
199 24 486 153 17 15 -1 -1 -1 -1 
199 26 471 178 32 32 -1 -1 -1 -1 
200 22 519 157 15 12 -1 -1 -1 -1 
200 24 489 152 16 14 -1 -1 -1 -1 
200 26 474 177 31 30 -1 -1 -1 -1 
201 22 520 157 14 12 -1 -1 -1 -1 
201 24 490 151 16 15 -1 -1 -1 -1 
201 26 476 175 31 29 -1 -1 -1 -1 
202 22 520 157 14 12 -1 -1 -1 -1 
202 24 490 151 16 15 -1 -1 -1 -1 
202 26 476 175 31 29 -1 -1 -1 -1 
203 22 521 156 14 12 -1 -1 -1 -1 
203 24 493 150 14 15 -1 -1 -1 -1 
203 26 480 173 29 27 -1 -1 -1 -1 
204 22 521 156 15 11 -1 -1 -1 -1 
204 24 494 150 15 13 -1 -1 -1 -1 
204 26 483 172 28 26 -1 -1 -1 -1 
205 22 521 156 15 11 -1 -1 -1 -1 
205 24 494 150 15 13 -1 -1 -1 -1 
205 26 483 172 28 26 -1 -1 -1 -1 
206 22 522 154 14 12 -1 -1 -1 -1 
206 24 495 149 15 14 -1 -1 -1 -1 
206 26 485 171 26 25 -1 -1 -1 -1 
207 22 523 153 14 13 -1 -1 -1 -1 
207 24 496 149 15 14 -1 -1 -1 -1 
207 26 487 169 26 26 -1 -1 -1 -1 
208 22 523 153 14 13 -1 -1 -1 -1 
208 24 496 149 15 14 -1 -1 -1 -1 
208 26 487 169 26 26 -1 -1 -1 -1 
209 22 523 152 13 13 -1 -1 -1 -1 
209 24 497 149 15 12 -1 -1 -1 -1 
209 26 488 168 26 25 -1 -1 -1 -1 
210 22 524 152 14 11 -1 -1 -1 -1 
210 24 498 149 15 11 -1 -1 -1 -1 
210 26 492 166 22 25 -1 -1 -1 -1 
211 22 524 152 14 11 -1 -1 -1 -1 
211 24 500 148 15 13 -1 -1 -1 -1 
212 24 500 148 15 13 -1 -1 -1 -1 
212 26 493 166 24 23 -1 -1 -1 -1 
213 24 500 148 15 13 -1 -1 -1 -1 
214 24 592 158 14 12 -1 -1 -1 -1 
214 26 497 164 22 22 -1 -1 -1 -1 
215 24 592 158 14 12 -1 -1 -1 -1 
215 26 497 164 22 22 -1 -1 -1 -1 
216 24 593 158 13 13 -1 -1 -1 -1 
216 26 500 163 20 21 -1 -1 -1 -1 
216 28 114 382 196 97 -1 -1 -1 -1 
217 24 593 158 13 13 -1 -1 -1 -1 
217 26 500 162 20 20 -1 -1 -1 -1 
218 26 500 162 20 20 -1 -1 -1 -1 
218 28 166 353 173 124 -1 -1 -1 -1 
219 26 501 162 21 19 -1 -1 -1 -1 
219 28 212 329 153 120 -1 -1 -1 -1 
220 26 501 162 21 19 -1 -1 -1 -1 
220 28 212 329 153 120 -1 -1 -1 -1 
221 26 502 159 21 20 -1 -1 -1 -1 
221 28 250 308 135 104 -1 -1 -1 -1 
222 26 503 159 21 19 -1 -1 -1 -1 
222 28 282 291 120 95 -1 -1 -1 -1 
223 26 503 159 21 19 -1 -1 -1 -1 
223 28 282 291 120 95 -1 -1 -1 -1 
224 26 505 158 19 18 -1 -1 -1 -1 
224 28 309 271 107 92 -1 -1 -1 -1 
225 26 508 158 18 18 -1 -1 -1 -1 
225 28 333 261 96 82 -1 -1 -1 -1 
226 26 508 158 18 18 -1 -1 -1 -1 
226 28 333 261 96 82 -1 -1 -1 -1 
227 26 508 157 17 17 -1 -1 -1 -1 
227 28 352 253 88 71 -1 -1 -1 -1 
228 26 511 154 15 18 -1 -1 -1 -1 
228 28 370 244 79 66 -1 -1 -1 -1 
229 26 511 151 16 20 -1 -1 -1 -1 
229 28 383 235 74 62 -1 -1 -1 -1 
230 26 511 151 16 20 -1 -1 -1 -1 
230 28 383 235 74 62 -1 -1 -1 -1 
231 24 600 173 13 11 -1 -1 -1 -1 
231 26 511 149 17 21 -1 -1 -1 -1 
231 28 397 229 67 54 -1 -1 -1 -1 
232 24 579 161 13 13 -1 -1 -1 -1 
232 26 512 147 17 23 -1 -1 -1 -1 
232 28 408 221 63 53 -1 -1 -1 -1 
233 24 601 176 16 13 -1 -1 -1 -1 
233 26 513 149 16 20 -1 -1 -1 -1 
233 28 419 215 59 52 -1 -1 -1 -1 
234 22 603 177 16 13 -1 -1 -1 -1 
234 24 579 163 15 14 -1 -1 -1 -1 
234 26 514 149 16 19 -1 -1 -1 -1 
234 28 426 211 54 47 -1 -1 -1 -1 
235 22 605 177 16 14 -1 -1 -1 -1 
235 24 579 165 16 13 -1 -1 -1 -1 
235 26 515 148 16 19 -1 -1 -1 -1 
235 28 434 207 49 44 -1 -1 -1 -1 
236 22 606 178 15 16 -1 -1 -1 -1 
236 24 580 166 16 14 -1 -1 -1 -1 
236 26 515 148 16 18 -1 -1 -1 -1 
236 28 440 204 47 40 -1 -1 -1 -1 
237 22 515 149 17 17 -1 -1 -1 -1 
237 24 581 166 16 14 -1 -1 -1 -1 
237 26 515 148 16 18 -1 -1 -1 -1 
237 28 446 199 45 40 -1 -1 -1 -1 
238 22 515 149 17 17 -1 -1 -1 -1 
238 24 581 166 16 14 -1 -1 -1 -1 
238 28 446 199 45 40 -1 -1 -1 -1 
239 22 517 144 17 20 -1 -1 -1 -1 
239 24 581 168 16 13 -1 -1 -1 -1 
239 26 607 181 17 18 -1 -1 -1 -1 
239 28 453 197 41 36 -1 -1 -1 -1 
240 22 518 147 17 17 -1 -1 -1 -1 
240 24 582 169 16 14 -1 -1 -1 -1 
240 26 607 186 20 16 -1 -1 -1 -1 
240 28 457 195 40 33 -1 -1 -1 -1 
241 22 518 147 17 17 -1 -1 -1 -1 
241 24 582 170 16 15 -1 -1 -1 -1 
241 26 519 147 16 16 -1 -1 -1 -1 
241 28 462 190 37 34 -1 -1 -1 -1 
242 24 582 170 16 15 -1 -1 -1 -1 
242 26 519 147 16 16 -1 -1 -1 -1 
242 28 462 190 37 34 -1 -1 -1 -1 
243 24 582 171 17 15 -1 -1 -1 -1 
243 26 520 145 15 16 -1 -1 -1 -1 
243 28 467 187 34 31 -1 -1 -1 -1 
243 33 611 189 20 18 -1 -1 -1 -1 
244 24 583 172 17 17 -1 -1 -1 -1 
244 26 520 145 15 16 -1 -1 -1 -1 
244 28 470 186 33 29 -1 -1 -1 -1 
245 24 583 172 17 17 -1 -1 -1 -1 
245 28 470 186 33 29 -1 -1 -1 -1 
245 33 612 190 20 19 -1 -1 -1 -1 
246 24 584 174 17 17 -1 -1 -1 -1 
246 28 475 183 32 28 -1 -1 -1 -1 
246 33 616 194 19 19 -1 -1 -1 -1 
247 24 585 175 17 17 -1 -1 -1 -1 
247 28 477 181 31 27 -1 -1 -1 -1 
247 33 617 196 22 20 -1 -1 -1 -1 
248 24 585 175 17 17 -1 -1 -1 -1 
248 28 477 181 31 27 -1 -1 -1 -1 
248 33 617 196 22 20 -1 -1 -1 -1 
249 24 586 177 17 17 -1 -1 -1 -1 
249 28 480 178 31 28 -1 -1 -1 -1 
249 33 619 198 20 23 -1 -1 -1 -1 
250 24 587 177 17 18 -1 -1 -1 -1 
250 26 522 141 14 18 -1 -1 -1 -1 
250 28 484 176 28 26 -1 -1 -1 -1 
250 33 620 200 19 24 -1 -1 -1 -1 
251 24 587 178 19 19 -1 -1 -1 -1 
251 26 522 140 15 18 -1 -1 -1 -1 
251 28 485 174 29 25 -1 -1 -1 -1 
251 33 623 202 16 25 -1 -1 -1 -1 
252 24 587 178 19 19 -1 -1 -1 -1 
252 26 522 140 15 18 -1 -1 -1 -1 
252 28 485 174 29 25 -1 -1 -1 -1 
252 33 623 202 16 25 -1 -1 -1 -1 
253 24 588 181 19 18 -1 -1 -1 -1 
253 26 522 140 15 18 -1 -1 -1 -1 
253 28 489 173 26 23 -1 -1 -1 -1 
254 24 588 182 20 21 -1 -1 -1 -1 
254 28 492 172 25 23 -1 -1 -1 -1 
255 24 588 182 20 21 -1 -1 -1 -1 
255 28 492 172 25 23 -1 -1 -1 -1 
256 24 590 184 20 21 -1 -1 -1 -1 
256 26 523 134 16 20 -1 -1 -1 -1 
256 28 493 170 26 22 -1 -1 -1 -1 
257 24 590 184 21 22 -1 -1 -1 -1 
257 26 523 134 16 20 -1 -1 -1 -1 
258 24 590 184 21 22 -1 -1 -1 -1 
258 28 496 169 24 21 -1 -1 -1 -1 
259 24 591 187 21 22 -1 -1 -1 -1 
259 28 497 168 25 22 -1 -1 -1 -1 
260 24 594 189 21 24 -1 -1 -1 -1 
260 26 525 134 15 19 -1 -1 -1 -1 
260 28 498 167 25 20 -1 -1 -1 -1 
261 24 594 189 21 24 -1 -1 -1 -1 
261 26 525 134 15 19 -1 -1 -1 -1 
261 28 498 167 25 20 -1 -1 -1 -1 
262 24 595 191 22 26 -1 -1 -1 -1 
262 26 525 134 15 19 -1 -1 -1 -1 
262 28 499 165 24 20 -1 -1 -1 -1 
263 24 595 193 24 27 -1 -1 -1 -1 
263 26 526 135 15 17 -1 -1 -1 -1 
263 28 503 164 21 18 -1 -1 -1 -1 
264 24 595 193 24 27 -1 -1 -1 -1 
264 26 526 135 15 17 -1 -1 -1 -1 
264 28 503 164 21 18 -1 -1 -1 -1 
265 24 596 196 25 29 -1 -1 -1 -1 
265 26 526 134 15 18 -1 -1 -1 -1 
265 28 505 163 20 18 -1 -1 -1 -1 
266 24 598 197 25 32 -1 -1 -1 -1 
266 26 526 135 16 16 -1 -1 -1 -1 
266 28 506 161 20 18 -1 -1 -1 -1 
267 24 598 197 25 32 -1 -1 -1 -1 
267 26 526 135 16 16 -1 -1 -1 -1 
267 28 506 161 20 18 -1 -1 -1 -1 
268 24 598 197 25 32 -1 -1 -1 -1 
269 22 589 151 11 11 -1 -1 -1 -1 
269 24 600 205 30 31 -1 -1 -1 -1 
269 28 510 161 18 15 -1 -1 -1 -1 
270 22 589 152 11 10 -1 -1 -1 -1 
270 24 601 209 30 34 -1 -1 -1 -1 
270 26 529 136 12 13 -1 -1 -1 -1 
270 28 511 158 19 17 -1 -1 -1 -1 
271 22 589 152 11 10 -1 -1 -1 -1 
271 24 601 209 30 34 -1 -1 -1 -1 
271 26 529 136 12 13 -1 -1 -1 -1 
271 28 511 158 19 17 -1 -1 -1 -1 
272 22 590 152 11 10 -1 -1 -1 -1 
272 24 604 213 31 36 -1 -1 -1 -1 
272 26 529 136 12 13 -1 -1 -1 -1 
272 28 511 158 20 16 -1 -1 -1 -1 
273 22 590 152 11 10 -1 -1 -1 -1 
273 24 605 214 34 42 -1 -1 -1 -1 
273 26 530 136 11 13 -1 -1 -1 -1 
274 24 605 214 34 42 -1 -1 -1 -1 
274 26 530 136 11 13 -1 -1 -1 -1 
274 28 512 156 20 18 -1 -1 -1 -1 
275 24 608 220 31 42 -1 -1 -1 -1 
275 26 530 136 12 13 -1 -1 -1 -1 
275 28 514 156 19 17 -1 -1 -1 -1 
276 24 610 224 29 45 -1 -1 -1 -1 
276 26 530 136 12 13 -1 -1 -1 -1 
276 28 515 155 18 16 -1 -1 -1 -1 
277 24 610 224 29 45 -1 -1 -1 -1 
277 26 530 136 12 13 -1 -1 -1 -1 
277 28 515 155 18 16 -1 -1 -1 -1 
278 24 610 224 29 45 -1 -1 -1 -1 
279 26 591 156 12 11 -1 -1 -1 -1 
279 28 517 154 17 15 -1 -1 -1 -1 
280 26 591 156 12 11 -1 -1 -1 -1 
280 28 517 154 17 15 -1 -1 -1 -1 
281 26 592 156 12 12 -1 -1 -1 -1 
281 28 518 153 17 14 -1 -1 -1 -1 
282 26 592 157 12 12 -1 -1 -1 -1 
282 28 519 151 16 15 -1 -1 -1 -1 
283 26 592 157 12 12 -1 -1 -1 -1 
283 28 519 151 16 15 -1 -1 -1 -1 
284 26 592 157 13 13 -1 -1 -1 -1 
284 28 520 151 16 14 -1 -1 -1 -1 
285 26 593 157 13 13 -1 -1 -1 -1 
285 28 521 151 16 14 -1 -1 -1 -1 
286 26 593 157 13 13 -1 -1 -1 -1 
286 28 521 151 16 14 -1 -1 -1 -1 
287 26 594 157 12 14 -1 -1 -1 -1 
287 28 522 150 15 14 -1 -1 -1 -1 
288 26 594 157 12 14 -1 -1 -1 -1 
288 28 522 150 15 14 -1 -1 -1 -1 
289 26 594 157 13 15 -1 -1 -1 -1 
289 28 522 150 15 13 -1 -1 -1 -1 
290 26 595 158 13 15 -1 -1 -1 -1 
291 26 595 158 13 15 -1 -1 -1 -1 
292 26 595 158 13 16 -1 -1 -1 -1 
293 26 595 159 13 15 -1 -1 -1 -1 
294 26 595 159 13 15 -1 -1 -1 -1 
295 26 596 162 13 15 -1 -1 -1 -1 
296 26 596 163 14 17 -1 -1 -1 -1 
297 26 596 163 14 17 -1 -1 -1 -1 
298 26 597 165 13 15 -1 -1 -1 -1 
299 26 597 165 13 15 -1 -1 -1 -1 
300 26 597 167 13 14 -1 -1 -1 -1 
301 26 597 168 13 14 -1 -1 -1 -1 
302 26 597 168 13 14 -1 -1 -1 -1 
303 26 597 168 14 14 -1 -1 -1 -1 
304 26 598 169 13 14 -1 -1 -1 -1 
305 26 598 169 14 15 -1 -1 -1 -1 
306 26 598 169 14 15 -1 -1 -1 -1 
307 26 598 170 16 14 -1 -1 -1 -1 
308 26 599 171 16 14 -1 -1 -1 -1 
309 26 599 171 16 14 -1 -1 -1 -1 
310 26 600 173 16 14 -1 -1 -1 -1 
311 26 600 174 17 15 -1 -1 -1 -1 
312 26 600 174 17 15 -1 -1 -1 -1 
313 26 602 174 16 18 -1 -1 -1 -1 
314 26 602 174 16 18 -1 -1 -1 -1 
315 26 602 176 17 16 -1 -1 -1 -1 
316 26 603 177 17 16 -1 -1 -1 -1 
317 26 603 177 17 16 -1 -1 -1 -1 
318 26 605 176 16 20 -1 -1 -1 -1 
319 26 606 177 16 21 -1 -1 -1 -1 
320 26 606 177 16 21 -1 -1 -1 -1 
321 26 606 177 18 22 -1 -1 -1 -1 
322 26 607 178 19 24 -1 -1 -1 -1 
323 26 607 178 19 24 -1 -1 -1 -1 
324 26 608 183 19 20 -1 -1 -1 -1 
324 34 92 363 227 114 -1 -1 -1 -1 
325 26 608 183 21 23 -1 -1 -1 -1 
325 34 152 335 197 143 -1 -1 -1 -1 
326 26 608 183 21 23 -1 -1 -1 -1 
326 34 152 335 197 143 -1 -1 -1 -1 
327 26 610 184 21 24 -1 -1 -1 -1 
327 34 205 311 168 159 -1 -1 -1 -1 
328 26 611 186 22 24 -1 -1 -1 -1 
328 34 241 293 154 137 -1 -1 -1 -1 
329 26 611 186 22 24 -1 -1 -1 -1 
329 34 241 293 154 137 -1 -1 -1 -1 
330 26 612 187 23 26 -1 -1 -1 -1 
330 34 277 271 134 128 -1 -1 -1 -1 
331 26 615 187 22 28 -1 -1 -1 -1 
331 34 306 261 117 114 -1 -1 -1 -1 
332 26 615 187 22 28 -1 -1 -1 -1 
332 34 306 261 117 114 -1 -1 -1 -1 
333 26 616 190 23 30 -1 -1 -1 -1 
333 34 330 252 108 105 -1 -1 -1 -1 
334 26 618 191 21 31 -1 -1 -1 -1 
334 34 351 243 95 95 -1 -1 -1 -1 
335 26 618 193 21 32 -1 -1 -1 -1 
335 34 369 233 87 91 -1 -1 -1 -1 
336 26 618 193 21 32 -1 -1 -1 -1 
336 34 369 233 87 91 -1 -1 -1 -1 
337 26 620 196 19 32 -1 -1 -1 -1 
337 34 384 226 79 81 -1 -1 -1 -1 
338 26 622 196 17 34 -1 -1 -1 -1 
338 34 397 221 74 73 -1 -1 -1 -1 
339 26 622 196 17 34 -1 -1 -1 -1 
339 34 397 221 74 73 -1 -1 -1 -1 
339 38 0 275 162 165 -1 -1 -1 -1 
340 26 622 197 17 36 -1 -1 -1 -1 
340 34 408 212 69 73 -1 -1 -1 -1 
340 38 6 259 200 144 -1 -1 -1 -1 
341 26 622 197 17 36 -1 -1 -1 -1 
341 34 408 212 69 73 -1 -1 -1 -1 
341 38 6 259 200 144 -1 -1 -1 -1 
342 26 622 197 17 36 -1 -1 -1 -1 
342 34 418 212 63 62 -1 -1 -1 -1 
343 34 427 207 60 58 -1 -1 -1 -1 
343 38 122 228 152 121 -1 -1 -1 -1 
344 34 436 202 56 57 -1 -1 -1 -1 
344 38 165 218 135 109 -1 -1 -1 -1 
345 34 436 202 56 57 -1 -1 -1 -1 
345 38 165 218 135 109 -1 -1 -1 -1 
345 40 435 202 55 55 -1 -1 -1 -1 
346 34 443 197 49 52 -1 -1 -1 -1 
346 38 201 207 121 99 -1 -1 -1 -1 
346 40 442 197 50 53 -1 -1 -1 -1 
347 34 443 197 49 52 -1 -1 -1 -1 
347 38 235 199 105 91 -1 -1 -1 -1 
348 38 235 199 105 91 -1 -1 -1 -1 
348 40 448 196 48 49 -1 -1 -1 -1 
349 38 260 193 97 85 -1 -1 -1 -1 
350 38 260 193 97 85 -1 -1 -1 -1 
351 38 285 189 86 76 -1 -1 -1 -1 
351 40 459 188 43 46 -1 -1 -1 -1 
352 38 306 186 75 70 -1 -1 -1 -1 
353 38 306 186 75 70 -1 -1 -1 -1 
354 38 323 181 70 65 -1 -1 -1 -1 
355 38 338 174 67 67 -1 -1 -1 -1 
356 38 338 174 67 67 -1 -1 -1 -1 
357 38 352 172 62 60 -1 -1 -1 -1 
358 38 352 172 62 60 -1 -1 -1 -1 
359 38 365 170 57 54 -1 -1 -1 -1 
360 38 378 169 49 51 -1 -1 -1 -1 
361 38 378 169 49 51 -1 -1 -1 -1 
362 38 386 166 49 51 -1 -1 -1 -1 
363 38 386 166 49 51 -1 -1 -1 -1 
364 38 396 168 45 44 -1 -1 -1 -1 
365 38 403 163 45 43 -1 -1 -1 -1 
366 38 403 163 45 43 -1 -1 -1 -1 
367 38 410 161 42 42 -1 -1 -1 -1 
368 38 416 158 40 41 -1 -1 -1 -1 
369 38 416 158 40 41 -1 -1 -1 -1 
369 42 496 168 27 28 -1 -1 -1 -1 
370 38 425 157 36 39 -1 -1 -1 -1 
370 42 497 167 26 27 -1 -1 -1 -1 
371 38 431 155 33 40 -1 -1 -1 -1 
372 38 431 155 33 40 -1 -1 -1 -1 
373 38 435 155 34 37 -1 -1 -1 -1 
373 42 501 164 24 25 -1 -1 -1 -1 
374 38 440 156 32 32 -1 -1 -1 -1 
375 38 440 156 32 32 -1 -1 -1 -1 
376 38 445 155 29 31 -1 -1 -1 -1 
377 38 449 155 27 29 -1 -1 -1 -1 
377 42 507 161 23 22 -1 -1 -1 -1 
378 38 449 155 27 29 -1 -1 -1 -1 
378 42 507 161 23 22 -1 -1 -1 -1 
379 38 453 150 27 33 -1 -1 -1 -1 
379 42 508 160 23 22 -1 -1 -1 -1 
380 38 456 148 27 31 -1 -1 -1 -1 
380 42 509 158 23 23 -1 -1 -1 -1 
383 38 463 150 25 26 -1 -1 -1 -1 
383 42 512 157 20 21 -1 -1 -1 -1 
384 38 463 150 25 26 -1 -1 -1 -1 
384 42 512 157 20 21 -1 -1 -1 -1 
385 38 466 147 23 28 -1 -1 -1 -1 
385 42 513 157 19 20 -1 -1 -1 -1 
386 38 469 147 21 26 -1 -1 -1 -1 
386 42 516 156 18 21 -1 -1 -1 -1 
387 38 471 146 23 26 -1 -1 -1 -1 
387 42 517 155 17 20 -1 -1 -1 -1 
388 38 471 146 23 26 -1 -1 -1 -1 
388 42 517 155 17 20 -1 -1 -1 -1 
389 38 473 145 24 26 -1 -1 -1 -1 
389 42 517 154 18 20 -1 -1 -1 -1 
390 38 476 145 24 25 -1 -1 -1 -1 
390 42 517 154 18 20 -1 -1 -1 -1 
391 38 477 145 23 23 -1 -1 -1 -1 
392 38 477 145 23 23 -1 -1 -1 -1 
393 38 481 144 20 22 -1 -1 -1 -1 
393 42 521 151 16 19 -1 -1 -1 -1 
394 38 481 144 20 22 -1 -1 -1 -1 
394 42 521 151 16 19 -1 -1 -1 -1 
395 38 483 144 19 21 -1 -1 -1 -1 
396 38 485 144 18 20 -1 -1 -1 -1 
397 38 488 144 18 19 -1 -1 -1 -1 
398 38 488 144 18 19 -1 -1 -1 -1 
399 38 489 145 18 17 -1 -1 -1 -1 
399 42 525 150 14 16 -1 -1 -1 -1 
400 38 489 145 18 17 -1 -1 -1 -1 
400 42 525 150 14 16 -1 -1 -1 -1 
401 38 491 146 16 15 -1 -1 -1 -1 
404 38 494 143 17 16 -1 -1 -1 -1 
405 38 495 144 17 14 -1 -1 -1 -1 
406 38 495 144 17 14 -1 -1 -1 -1 
407 38 496 142 17 16 -1 -1 -1 -1 
408 38 499 142 15 15 -1 -1 -1 -1 
409 38 499 142 15 15 -1 -1 -1 -1 
410 38 499 142 15 15 -1 -1 -1 -1 
411 45 148 357 185 121 -1 -1 -1 -1 
412 45 148 357 185 121 -1 -1 -1 -1 
413 45 204 329 157 125 -1 -1 -1 -1 
414 45 247 306 138 106 -1 -1 -1 -1 
415 45 285 288 119 96 -1 -1 -1 -1 
416 45 285 288 119 96 -1 -1 -1 -1 
417 45 315 270 105 88 -1 -1 -1 -1 
418 45 339 256 95 79 -1 -1 -1 -1 
419 45 339 256 95 79 -1 -1 -1 -1 
419 46 140 394 203 83 -1 -1 -1 -1 
420 38 509 138 12 13 -1 -1 -1 -1 
420 45 360 245 86 71 -1 -1 -1 -1 
420 46 194 364 178 113 -1 -1 -1 -1 
421 38 509 137 15 13 -1 -1 -1 -1 
421 45 378 237 77 64 -1 -1 -1 -1 
421 46 243 334 155 133 -1 -1 -1 -1 
422 38 509 137 15 13 -1 -1 -1 -1 
422 45 393 229 71 58 -1 -1 -1 -1 
423 45 393 229 71 58 -1 -1 -1 -1 
423 46 284 312 135 113 -1 -1 -1 -1 
424 45 407 223 63 52 -1 -1 -1 -1 
424 46 316 293 117 97 -1 -1 -1 -1 
425 45 417 214 60 51 -1 -1 -1 -1 
425 46 345 276 104 87 -1 -1 -1 -1 
426 45 417 214 60 51 -1 -1 -1 -1 
426 46 345 276 104 87 -1 -1 -1 -1 
427 45 427 210 56 47 -1 -1 -1 -1 
427 46 365 263 96 78 -1 -1 -1 -1 
428 45 427 210 56 47 -1 -1 -1 -1 
428 46 365 263 96 78 -1 -1 -1 -1 
429 45 435 207 51 40 -1 -1 -1 -1 
429 46 385 252 83 69 -1 -1 -1 -1 
430 45 443 202 46 40 -1 -1 -1 -1 
430 46 400 241 77 64 -1 -1 -1 -1 
431 45 451 199 43 36 -1 -1 -1 -1 
431 46 412 232 71 60 -1 -1 -1 -1 
431 47 0 330 126 137 -1 -1 -1 -1 
432 45 451 199 43 36 -1 -1 -1 -1 
432 46 412 232 71 60 -1 -1 -1 -1 
432 47 0 330 126 137 -1 -1 -1 -1 
433 45 458 194 40 35 -1 -1 -1 -1 
433 46 425 224 63 56 -1 -1 -1 -1 
433 47 1 318 154 134 -1 -1 -1 -1 
434 45 462 191 39 32 -1 -1 -1 -1 
434 46 435 219 58 51 -1 -1 -1 -1 
434 47 6 303 178 120 -1 -1 -1 -1 
435 45 467 187 36 32 -1 -1 -1 -1 
435 46 443 214 54 46 -1 -1 -1 -1 
435 47 40 290 169 115 -1 -1 -1 -1 
436 45 467 187 36 32 -1 -1 -1 -1 
436 46 443 214 54 46 -1 -1 -1 -1 
436 47 40 290 169 115 -1 -1 -1 -1 
437 45 471 186 36 28 -1 -1 -1 -1 
437 46 451 212 48 40 -1 -1 -1 -1 
437 47 73 280 158 104 -1 -1 -1 -1 
438 45 475 183 34 27 -1 -1 -1 -1 
438 46 459 204 45 42 -1 -1 -1 -1 
438 47 104 272 149 95 -1 -1 -1 -1 
439 45 475 183 34 27 -1 -1 -1 -1 
439 46 459 204 45 42 -1 -1 -1 -1 
439 47 104 272 149 95 -1 -1 -1 -1 
440 45 478 179 33 26 -1 -1 -1 -1 
440 46 459 204 45 42 -1 -1 -1 -1 
441 45 481 178 31 25 -1 -1 -1 -1 
441 46 469 199 41 35 -1 -1 -1 -1 
441 47 158 253 130 86 -1 -1 -1 -1 
442 45 483 176 31 33 -1 -1 -1 -1 
442 46 473 196 38 33 -1 -1 -1 -1 
442 47 184 248 120 79 -1 -1 -1 -1 
443 45 483 176 31 33 -1 -1 -1 -1 
443 46 473 196 38 33 -1 -1 -1 -1 
443 47 184 248 120 79 -1 -1 -1 -1 
444 45 489 174 26 21 -1 -1 -1 -1 
444 46 480 185 34 39 -1 -1 -1 -1 
444 47 206 236 112 78 -1 -1 -1 -1 
445 45 490 173 27 22 -1 -1 -1 -1 
445 46 483 174 33 44 -1 -1 -1 -1 
445 47 225 230 105 73 -1 -1 -1 -1 
446 45 490 173 27 22 -1 -1 -1 -1 
446 46 489 172 29 38 -1 -1 -1 -1 
447 46 491 171 29 39 -1 -1 -1 -1 
447 47 261 220 92 64 -1 -1 -1 -1 
448 46 491 171 29 39 -1 -1 -1 -1 
448 47 261 220 92 64 -1 -1 -1 -1 
449 46 493 170 30 37 -1 -1 -1 -1 
449 47 277 214 85 61 -1 -1 -1 -1 
450 46 495 171 29 32 -1 -1 -1 -1 
450 47 290 211 80 57 -1 -1 -1 -1 
451 46 497 165 28 36 -1 -1 -1 -1 
451 47 304 207 74 55 -1 -1 -1 -1 
452 46 497 165 28 36 -1 -1 -1 -1 
452 47 304 207 74 55 -1 -1 -1 -1 
453 46 500 164 26 34 -1 -1 -1 -1 
453 47 315 204 72 53 -1 -1 -1 -1 
454 46 502 164 26 32 -1 -1 -1 -1 
454 47 325 201 69 50 -1 -1 -1 -1 
455 46 504 162 24 31 -1 -1 -1 -1 
455 47 336 197 65 49 -1 -1 -1 -1 
456 46 504 162 24 31 -1 -1 -1 -1 
456 47 336 197 65 49 -1 -1 -1 -1 
457 46 506 161 24 30 -1 -1 -1 -1 
457 47 345 196 63 45 -1 -1 -1 -1 
458 46 509 159 22 30 -1 -1 -1 -1 
458 47 354 194 59 42 -1 -1 -1 -1 
459 46 509 159 22 30 -1 -1 -1 -1 
459 47 354 194 59 42 -1 -1 -1 -1 
460 46 510 159 21 27 -1 -1 -1 -1 
460 47 361 190 57 42 -1 -1 -1 -1 
461 46 511 158 21 26 -1 -1 -1 -1 
461 47 370 188 53 40 -1 -1 -1 -1 
462 46 512 157 21 25 -1 -1 -1 -1 
462 47 377 186 50 38 -1 -1 -1 -1 
463 46 512 157 21 25 -1 -1 -1 -1 
463 47 377 186 50 38 -1 -1 -1 -1 
464 46 513 155 21 26 -1 -1 -1 -1 
464 47 384 185 49 36 -1 -1 -1 -1 
465 46 516 156 19 25 -1 -1 -1 -1 
465 47 390 182 47 37 -1 -1 -1 -1 
466 46 516 155 19 24 -1 -1 -1 -1 
466 47 396 182 46 34 -1 -1 -1 -1 
467 46 516 155 19 24 -1 -1 -1 -1 
467 47 396 182 46 34 -1 -1 -1 -1 
468 46 517 153 18 24 -1 -1 -1 -1 
468 47 400 180 45 32 -1 -1 -1 -1 
469 46 519 153 17 23 -1 -1 -1 -1 
469 47 406 178 42 32 -1 -1 -1 -1 
470 46 520 152 16 23 -1 -1 -1 -1 
470 47 410 177 41 30 -1 -1 -1 -1 
471 46 520 152 16 23 -1 -1 -1 -1 
471 47 410 177 41 30 -1 -1 -1 -1 
472 46 521 151 16 21 -1 -1 -1 -1 
472 47 416 175 39 29 -1 -1 -1 -1 
473 46 522 150 16 21 -1 -1 -1 -1 
473 47 420 173 37 29 -1 -1 -1 -1 
474 46 522 150 16 21 -1 -1 -1 -1 
474 47 420 173 37 29 -1 -1 -1 -1 
475 46 523 150 16 20 -1 -1 -1 -1 
475 47 424 172 37 28 -1 -1 -1 -1 
476 46 523 150 17 19 -1 -1 -1 -1 
476 47 429 171 34 26 -1 -1 -1 -1 
477 46 523 150 17 19 -1 -1 -1 -1 
477 47 429 171 34 26 -1 -1 -1 -1 
478 46 525 149 15 19 -1 -1 -1 -1 
478 47 432 170 33 27 -1 -1 -1 -1 
479 46 525 149 15 19 -1 -1 -1 -1 
479 47 432 170 33 27 -1 -1 -1 -1 
480 46 526 149 15 18 -1 -1 -1 -1 
480 47 434 168 33 25 -1 -1 -1 -1 
481 46 526 149 15 16 -1 -1 -1 -1 
481 47 438 168 31 25 -1 -1 -1 -1 
482 46 527 149 14 16 -1 -1 -1 -1 
483 46 527 149 14 16 -1 -1 -1 -1 
484 46 528 146 15 17 -1 -1 -1 -1 
485 46 529 146 15 16 -1 -1 -1 -1 
485 47 447 165 28 23 -1 -1 -1 -1 
486 46 529 146 15 16 -1 -1 -1 -1 
486 47 447 165 28 23 -1 -1 -1 -1 
487 46 530 146 14 15 -1 -1 -1 -1 
487 47 450 163 28 23 -1 -1 -1 -1 
488 46 531 146 13 15 -1 -1 -1 -1 
488 47 452 162 28 24 -1 -1 -1 -1 
489 46 531 146 13 15 -1 -1 -1 -1 
489 47 452 162 28 24 -1 -1 -1 -1 
489 50 589 152 11 10 -1 -1 -1 -1 
490 46 531 146 13 15 -1 -1 -1 -1 
490 47 454 162 28 23 -1 -1 -1 -1 
491 47 456 161 27 22 -1 -1 -1 -1 
492 47 456 161 27 22 -1 -1 -1 -1 
493 47 460 160 24 21 -1 -1 -1 -1 
493 50 591 153 10 9 -1 -1 -1 -1 
494 47 462 159 23 21 -1 -1 -1 -1 
495 47 462 159 23 21 -1 -1 -1 -1 
496 47 463 159 25 20 -1 -1 -1 -1 
497 47 465 158 24 21 -1 -1 -1 -1 
498 47 465 158 24 21 -1 -1 -1 -1 
498 51 0 285 98 148 -1 -1 -1 -1 
499 47 466 157 24 21 -1 -1 -1 -1 
499 51 0 268 131 189 -1 -1 -1 -1 
500 47 469 156 23 19 -1 -1 -1 -1 
500 51 0 257 161 187 -1 -1 -1 -1 
501 47 472 155 20 19 -1 -1 -1 -1 
501 50 593 156 12 13 -1 -1 -1 -1 
501 51 1 248 186 168 -1 -1 -1 -1 
502 47 472 155 20 19 -1 -1 -1 -1 
502 50 593 156 12 13 -1 -1 -1 -1 
502 51 1 248 186 168 -1 -1 -1 -1 
502 52 136 390 210 87 -1 -1 -1 -1 
503 47 473 154 21 20 -1 -1 -1 -1 
503 50 594 157 12 13 -1 -1 -1 -1 
503 51 1 239 211 160 -1 -1 -1 -1 
503 52 184 358 191 119 -1 -1 -1 -1 
504 47 475 153 20 20 -1 -1 -1 -1 
504 50 594 157 12 13 -1 -1 -1 -1 
504 51 10 231 223 146 -1 -1 -1 -1 
504 52 236 332 161 138 -1 -1 -1 -1 
505 47 475 153 20 20 -1 -1 -1 -1 
505 50 594 157 12 13 -1 -1 -1 -1 
505 51 10 231 223 146 -1 -1 -1 -1 
505 52 236 332 161 138 -1 -1 -1 -1 
505 53 236 331 162 140 -1 -1 -1 -1 
506 47 476 152 22 19 -1 -1 -1 -1 
506 50 595 157 12 14 -1 -1 -1 -1 
506 51 61 226 195 132 -1 -1 -1 -1 
506 52 236 332 161 138 -1 -1 -1 -1 
507 47 478 152 20 19 -1 -1 -1 -1 
507 50 595 157 12 15 -1 -1 -1 -1 
507 51 93 221 182 124 -1 -1 -1 -1 
507 53 308 290 126 109 -1 -1 -1 -1 
508 47 478 152 20 19 -1 -1 -1 -1 
508 50 595 157 12 15 -1 -1 -1 -1 
508 51 93 221 182 124 -1 -1 -1 -1 
508 53 308 290 126 109 -1 -1 -1 -1 
509 47 479 152 20 19 -1 -1 -1 -1 
509 50 595 157 12 15 -1 -1 -1 -1 
509 51 112 214 182 116 -1 -1 -1 -1 
510 47 480 152 20 18 -1 -1 -1 -1 
510 50 596 158 13 16 -1 -1 -1 -1 
510 51 142 209 164 109 -1 -1 -1 -1 
510 53 357 262 101 90 -1 -1 -1 -1 
511 47 480 152 20 18 -1 -1 -1 -1 
511 50 596 158 13 16 -1 -1 -1 -1 
511 51 142 209 164 109 -1 -1 -1 -1 
511 53 357 262 101 90 -1 -1 -1 -1 
512 47 482 151 19 17 -1 -1 -1 -1 
512 50 596 158 13 16 -1 -1 -1 -1 
512 51 162 202 157 103 -1 -1 -1 -1 
513 47 484 151 18 16 -1 -1 -1 -1 
513 51 189 197 142 99 -1 -1 -1 -1 
513 53 393 242 82 71 -1 -1 -1 -1 
514 47 484 151 18 16 -1 -1 -1 -1 
514 51 189 197 142 99 -1 -1 -1 -1 
514 53 393 242 82 71 -1 -1 -1 -1 
515 47 485 150 18 16 -1 -1 -1 -1 
515 51 210 193 133 93 -1 -1 -1 -1 
515 53 406 233 75 70 -1 -1 -1 -1 
515 55 77 391 244 86 -1 -1 -1 -1 
