3 2 476 146 77 65 -1 -1 -1 -1 
4 2 478 149 43 58 -1 -1 -1 -1 
4 3 369 202 64 50 -1 -1 -1 -1 
5 2 480 145 73 59 -1 -1 -1 -1 
5 3 380 200 59 44 -1 -1 -1 -1 
6 2 484 145 65 57 -1 -1 -1 -1 
6 3 388 196 56 42 -1 -1 -1 -1 
7 2 484 145 65 57 -1 -1 -1 -1 
7 3 388 196 56 42 -1 -1 -1 -1 
8 2 487 145 62 56 -1 -1 -1 -1 
8 3 397 191 52 40 -1 -1 -1 -1 
9 2 490 149 34 49 -1 -1 -1 -1 
9 3 405 190 50 36 -1 -1 -1 -1 
10 2 491 144 57 54 -1 -1 -1 -1 
10 3 411 186 46 35 -1 -1 -1 -1 
11 2 492 143 58 53 -1 -1 -1 -1 
11 3 417 183 45 34 -1 -1 -1 -1 
12 2 492 143 58 53 -1 -1 -1 -1 
12 3 417 183 45 34 -1 -1 -1 -1 
13 2 494 143 55 52 -1 -1 -1 -1 
13 3 423 181 43 33 -1 -1 -1 -1 
14 2 493 145 34 47 -1 -1 -1 -1 
14 3 430 179 38 29 -1 -1 -1 -1 
15 2 496 145 32 44 -1 -1 -1 -1 
15 3 433 177 39 27 -1 -1 -1 -1 
16 2 500 146 29 41 -1 -1 -1 -1 
16 3 438 174 38 27 -1 -1 -1 -1 
17 2 500 146 29 41 -1 -1 -1 -1 
17 3 438 174 38 27 -1 -1 -1 -1 
18 2 502 144 26 42 -1 -1 -1 -1 
18 3 443 172 34 25 -1 -1 -1 -1 
19 2 503 145 25 38 -1 -1 -1 -1 
19 3 447 170 32 25 -1 -1 -1 -1 
20 2 504 144 25 38 -1 -1 -1 -1 
20 3 451 168 31 24 -1 -1 -1 -1 
21 2 506 142 28 39 -1 -1 -1 -1 
21 3 454 167 30 24 -1 -1 -1 -1 
22 2 506 142 28 39 -1 -1 -1 -1 
22 3 454 167 30 24 -1 -1 -1 -1 
23 2 507 142 27 37 -1 -1 -1 -1 
23 3 457 165 28 24 -1 -1 -1 -1 
24 2 508 140 27 39 -1 -1 -1 -1 
24 3 460 165 28 21 -1 -1 -1 -1 
25 2 509 140 26 38 -1 -1 -1 -1 
25 3 464 162 26 22 -1 -1 -1 -1 
26 2 510 138 26 39 -1 -1 -1 -1 
26 3 466 162 25 20 -1 -1 -1 -1 
27 2 510 138 26 39 -1 -1 -1 -1 
27 3 466 162 25 20 -1 -1 -1 -1 
28 2 512 138 24 38 -1 -1 -1 -1 
28 3 469 161 24 19 -1 -1 -1 -1 
29 2 513 138 24 36 -1 -1 -1 -1 
29 3 473 160 21 17 -1 -1 -1 -1 
30 2 513 139 24 34 -1 -1 -1 -1 
30 3 474 159 23 19 -1 -1 -1 -1 
31 2 514 139 24 33 -1 -1 -1 -1 
31 3 476 159 23 17 -1 -1 -1 -1 
32 2 514 139 24 33 -1 -1 -1 -1 
32 3 476 159 23 17 -1 -1 -1 -1 
33 2 515 138 24 32 -1 -1 -1 -1 
33 3 478 157 21 16 -1 -1 -1 -1 
34 2 516 139 23 30 -1 -1 -1 -1 
34 3 481 156 21 16 -1 -1 -1 -1 
35 2 516 138 23 30 -1 -1 -1 -1 
35 3 483 156 20 15 -1 -1 -1 -1 
36 2 517 139 22 29 -1 -1 -1 -1 
36 3 486 153 18 17 -1 -1 -1 -1 
37 2 517 139 22 29 -1 -1 -1 -1 
37 3 486 153 18 17 -1 -1 -1 -1 
38 2 517 139 22 29 -1 -1 -1 -1 
39 3 490 151 18 14 -1 -1 -1 -1 
40 3 493 150 16 15 -1 -1 -1 -1 
41 3 493 150 16 15 -1 -1 -1 -1 
42 3 494 150 16 14 -1 -1 -1 -1 
43 3 496 150 16 13 -1 -1 -1 -1 
44 3 497 149 16 13 -1 -1 -1 -1 
45 3 499 148 15 13 -1 -1 -1 -1 
46 3 499 148 15 13 -1 -1 -1 -1 
47 3 500 147 15 14 -1 -1 -1 -1 
48 3 501 147 15 14 -1 -1 -1 -1 
49 3 503 147 14 13 -1 -1 -1 -1 
50 3 505 146 12 13 -1 -1 -1 -1 
51 3 505 146 12 13 -1 -1 -1 -1 
56 3 508 141 14 14 -1 -1 -1 -1 
57 3 508 141 14 14 -1 -1 -1 -1 
66 3 508 141 14 14 -1 -1 -1 -1 
68 5 123 357 184 120 -1 -1 -1 -1 
69 5 123 357 184 120 -1 -1 -1 -1 
70 5 173 333 163 120 -1 -1 -1 -1 
71 5 217 311 142 107 -1 -1 -1 -1 
72 5 253 292 127 97 -1 -1 -1 -1 
73 5 284 274 113 92 -1 -1 -1 -1 
74 5 310 263 101 81 -1 -1 -1 -1 
75 5 331 253 93 75 -1 -1 -1 -1 
76 5 352 244 82 67 -1 -1 -1 -1 
77 5 368 234 76 63 -1 -1 -1 -1 
78 5 383 229 67 58 -1 -1 -1 -1 
79 5 383 229 67 58 -1 -1 -1 -1 
79 6 383 228 69 58 -1 -1 -1 -1 
80 5 393 221 68 52 -1 -1 -1 -1 
80 6 395 222 65 52 -1 -1 -1 -1 
81 5 406 216 61 51 -1 -1 -1 -1 
81 6 406 216 60 51 -1 -1 -1 -1 
82 5 406 216 61 51 -1 -1 -1 -1 
83 6 424 208 53 44 -1 -1 -1 -1 
84 6 432 203 48 42 -1 -1 -1 -1 
85 6 432 203 48 42 -1 -1 -1 -1 
86 6 438 199 45 39 -1 -1 -1 -1 
87 6 445 196 43 37 -1 -1 -1 -1 
88 6 450 194 41 34 -1 -1 -1 -1 
89 6 455 188 39 35 -1 -1 -1 -1 
90 6 461 187 37 31 -1 -1 -1 -1 
91 6 461 187 37 31 -1 -1 -1 -1 
92 6 464 185 35 30 -1 -1 -1 -1 
93 6 469 182 32 29 -1 -1 -1 -1 
94 6 472 181 31 27 -1 -1 -1 -1 
95 6 475 179 30 27 -1 -1 -1 -1 
96 6 478 177 28 25 -1 -1 -1 -1 
97 6 480 175 29 23 -1 -1 -1 -1 
97 8 0 331 149 139 -1 -1 -1 -1 
98 6 483 172 27 24 -1 -1 -1 -1 
98 8 0 316 180 126 -1 -1 -1 -1 
99 6 486 172 25 22 -1 -1 -1 -1 
99 8 31 301 178 119 -1 -1 -1 -1 
100 6 487 170 26 23 -1 -1 -1 -1 
100 8 68 289 168 109 -1 -1 -1 -1 
101 6 491 169 23 21 -1 -1 -1 -1 
101 8 102 277 155 101 -1 -1 -1 -1 
102 6 493 167 23 21 -1 -1 -1 -1 
102 8 135 267 144 93 -1 -1 -1 -1 
103 6 494 167 23 19 -1 -1 -1 -1 
103 8 164 256 133 87 -1 -1 -1 -1 
104 6 497 165 22 20 -1 -1 -1 -1 
104 8 190 251 125 78 -1 -1 -1 -1 
105 6 499 164 21 18 -1 -1 -1 -1 
105 8 214 241 115 75 -1 -1 -1 -1 
106 6 500 163 20 19 -1 -1 -1 -1 
106 8 235 233 107 71 -1 -1 -1 -1 
107 6 500 162 21 18 -1 -1 -1 -1 
107 8 256 226 99 68 -1 -1 -1 -1 
108 6 502 161 20 16 -1 -1 -1 -1 
108 8 273 220 92 64 -1 -1 -1 -1 
109 6 504 160 20 17 -1 -1 -1 -1 
109 8 289 213 87 61 -1 -1 -1 -1 
110 6 505 159 20 16 -1 -1 -1 -1 
110 8 304 214 79 54 -1 -1 -1 -1 
111 6 506 158 19 16 -1 -1 -1 -1 
111 8 319 209 74 53 -1 -1 -1 -1 
112 6 508 158 17 15 -1 -1 -1 -1 
112 8 329 204 72 52 -1 -1 -1 -1 
113 6 510 156 16 16 -1 -1 -1 -1 
113 8 340 200 67 50 -1 -1 -1 -1 
114 6 511 155 16 16 -1 -1 -1 -1 
114 8 349 196 65 48 -1 -1 -1 -1 
115 6 511 154 16 16 -1 -1 -1 -1 
115 8 359 196 61 43 -1 -1 -1 -1 
116 6 512 154 17 16 -1 -1 -1 -1 
116 8 367 195 58 40 -1 -1 -1 -1 
117 6 514 152 16 15 -1 -1 -1 -1 
117 8 383 190 52 37 -1 -1 -1 -1 
118 6 514 151 17 14 -1 -1 -1 -1 
118 8 390 187 49 36 -1 -1 -1 -1 
119 6 515 151 16 14 -1 -1 -1 -1 
119 8 395 186 49 33 -1 -1 -1 -1 
120 6 517 151 15 13 -1 -1 -1 -1 
120 8 402 183 48 33 -1 -1 -1 -1 
121 6 517 151 15 13 -1 -1 -1 -1 
121 8 407 181 44 31 -1 -1 -1 -1 
122 6 518 151 15 13 -1 -1 -1 -1 
122 8 413 180 42 28 -1 -1 -1 -1 
123 6 519 150 14 13 -1 -1 -1 -1 
123 8 415 179 44 27 -1 -1 -1 -1 
124 6 520 149 13 12 -1 -1 -1 -1 
124 8 423 176 38 28 -1 -1 -1 -1 
124 11 580 154 14 15 -1 -1 -1 -1 
125 6 521 149 12 11 -1 -1 -1 -1 
125 8 427 176 37 26 -1 -1 -1 -1 
125 11 581 156 13 13 -1 -1 -1 -1 
126 6 521 149 13 10 -1 -1 -1 -1 
126 8 430 174 37 25 -1 -1 -1 -1 
126 11 580 157 15 12 -1 -1 -1 -1 
127 6 522 148 12 10 -1 -1 -1 -1 
127 8 434 172 35 25 -1 -1 -1 -1 
127 11 581 158 14 12 -1 -1 -1 -1 
128 6 522 148 12 10 -1 -1 -1 -1 
128 8 438 171 33 25 -1 -1 -1 -1 
129 8 441 170 34 24 -1 -1 -1 -1 
129 11 582 161 15 13 -1 -1 -1 -1 
130 8 444 169 33 23 -1 -1 -1 -1 
130 11 582 161 15 14 -1 -1 -1 -1 
131 8 448 168 31 22 -1 -1 -1 -1 
131 11 582 161 15 15 -1 -1 -1 -1 
132 8 451 167 29 22 -1 -1 -1 -1 
132 11 583 162 15 15 -1 -1 -1 -1 
133 8 453 165 30 22 -1 -1 -1 -1 
133 11 584 164 14 15 -1 -1 -1 -1 
134 8 456 164 29 21 -1 -1 -1 -1 
134 11 585 165 14 15 -1 -1 -1 -1 
135 8 460 164 27 20 -1 -1 -1 -1 
135 11 586 167 13 13 -1 -1 -1 -1 
136 8 463 163 26 19 -1 -1 -1 -1 
136 11 586 168 13 13 -1 -1 -1 -1 
137 8 465 162 25 19 -1 -1 -1 -1 
137 11 586 168 13 15 -1 -1 -1 -1 
138 8 466 161 25 19 -1 -1 -1 -1 
138 11 586 169 14 15 -1 -1 -1 -1 
139 8 469 160 23 17 -1 -1 -1 -1 
139 11 587 170 14 15 -1 -1 -1 -1 
140 8 471 160 22 17 -1 -1 -1 -1 
140 11 587 170 15 16 -1 -1 -1 -1 
141 8 472 159 23 18 -1 -1 -1 -1 
141 11 588 171 15 16 -1 -1 -1 -1 
142 8 474 158 23 17 -1 -1 -1 -1 
142 11 589 174 15 17 -1 -1 -1 -1 
143 8 477 157 22 17 -1 -1 -1 -1 
143 11 589 175 16 17 -1 -1 -1 -1 
144 8 477 156 23 18 -1 -1 -1 -1 
144 11 589 175 18 18 -1 -1 -1 -1 
145 8 478 157 23 16 -1 -1 -1 -1 
145 11 589 175 18 21 -1 -1 -1 -1 
146 8 481 155 22 17 -1 -1 -1 -1 
146 11 590 178 19 20 -1 -1 -1 -1 
147 8 483 154 20 16 -1 -1 -1 -1 
147 11 591 178 18 22 -1 -1 -1 -1 
148 8 485 153 19 17 -1 -1 -1 -1 
148 11 591 180 20 23 -1 -1 -1 -1 
149 8 486 151 19 18 -1 -1 -1 -1 
149 11 592 182 20 23 -1 -1 -1 -1 
150 8 488 151 18 18 -1 -1 -1 -1 
150 11 594 182 18 25 -1 -1 -1 -1 
151 8 489 151 19 17 -1 -1 -1 -1 
151 11 594 184 21 25 -1 -1 -1 -1 
152 8 490 151 19 15 -1 -1 -1 -1 
152 11 595 184 21 28 -1 -1 -1 -1 
153 8 492 150 17 14 -1 -1 -1 -1 
153 11 595 185 22 31 -1 -1 -1 -1 
154 8 492 150 17 14 -1 -1 -1 -1 
154 11 595 185 22 31 -1 -1 -1 -1 
155 8 493 150 18 14 -1 -1 -1 -1 
155 11 596 188 25 31 -1 -1 -1 -1 
156 8 494 149 17 14 -1 -1 -1 -1 
157 8 495 149 18 14 -1 -1 -1 -1 
157 11 598 195 25 33 -1 -1 -1 -1 
158 8 495 149 18 14 -1 -1 -1 -1 
158 11 598 195 25 33 -1 -1 -1 -1 
159 8 496 149 17 14 -1 -1 -1 -1 
159 11 599 196 26 35 -1 -1 -1 -1 
159 13 600 196 25 35 -1 -1 -1 -1 
160 8 498 149 17 13 -1 -1 -1 -1 
160 11 602 203 28 37 -1 -1 -1 -1 
160 13 600 196 25 35 -1 -1 -1 -1 
161 8 498 149 17 13 -1 -1 -1 -1 
161 11 602 203 28 37 -1 -1 -1 -1 
161 14 122 342 216 137 -1 -1 -1 -1 
162 8 499 148 16 14 -1 -1 -1 -1 
162 11 603 205 29 38 -1 -1 -1 -1 
162 13 602 207 30 35 -1 -1 -1 -1 
162 14 179 319 187 156 -1 -1 -1 -1 
163 8 500 148 15 13 -1 -1 -1 -1 
163 11 604 211 31 40 -1 -1 -1 -1 
163 13 603 210 33 41 -1 -1 -1 -1 
163 14 223 296 164 139 -1 -1 -1 -1 
164 8 501 147 15 14 -1 -1 -1 -1 
164 11 604 211 31 40 -1 -1 -1 -1 
164 13 605 212 33 44 -1 -1 -1 -1 
165 8 501 147 15 14 -1 -1 -1 -1 
165 13 605 212 33 44 -1 -1 -1 -1 
165 14 261 276 145 127 -1 -1 -1 -1 
166 8 502 147 15 13 -1 -1 -1 -1 
166 13 607 214 32 49 -1 -1 -1 -1 
166 14 293 261 128 116 -1 -1 -1 -1 
167 8 504 147 14 13 -1 -1 -1 -1 
167 13 610 219 29 50 -1 -1 -1 -1 
167 14 319 255 114 99 -1 -1 -1 -1 
168 8 505 146 14 13 -1 -1 -1 -1 
168 13 611 224 28 54 -1 -1 -1 -1 
168 14 341 244 102 93 -1 -1 -1 -1 
169 8 505 146 14 13 -1 -1 -1 -1 
169 13 611 224 28 54 -1 -1 -1 -1 
169 14 341 244 102 93 -1 -1 -1 -1 
170 8 505 145 15 13 -1 -1 -1 -1 
170 13 613 230 26 56 -1 -1 -1 -1 
170 14 360 237 95 88 -1 -1 -1 -1 
171 8 506 144 15 13 -1 -1 -1 -1 
171 13 614 237 25 61 -1 -1 -1 -1 
171 14 377 229 84 81 -1 -1 -1 -1 
172 8 506 144 15 13 -1 -1 -1 -1 
172 13 614 237 25 61 -1 -1 -1 -1 
172 14 377 229 84 81 -1 -1 -1 -1 
173 8 507 144 14 12 -1 -1 -1 -1 
173 13 614 237 25 61 -1 -1 -1 -1 
174 8 507 143 15 12 -1 -1 -1 -1 
174 14 402 217 70 70 -1 -1 -1 -1 
175 8 508 143 15 12 -1 -1 -1 -1 
175 14 413 215 67 62 -1 -1 -1 -1 
176 8 508 143 15 12 -1 -1 -1 -1 
176 14 413 215 67 62 -1 -1 -1 -1 
177 8 508 143 15 12 -1 -1 -1 -1 
178 14 429 206 57 56 -1 -1 -1 -1 
179 14 436 201 53 53 -1 -1 -1 -1 
180 14 436 201 53 53 -1 -1 -1 -1 
181 14 443 197 49 52 -1 -1 -1 -1 
182 14 449 199 48 42 -1 -1 -1 -1 
183 14 449 199 48 42 -1 -1 -1 -1 
184 14 455 194 45 43 -1 -1 -1 -1 
185 14 455 194 45 43 -1 -1 -1 -1 
186 14 458 191 43 39 -1 -1 -1 -1 
187 14 464 185 39 41 -1 -1 -1 -1 
188 14 464 185 39 41 -1 -1 -1 -1 
189 14 469 187 37 36 -1 -1 -1 -1 
190 14 469 182 39 37 -1 -1 -1 -1 
191 14 469 182 39 37 -1 -1 -1 -1 
191 18 473 181 35 34 -1 -1 -1 -1 
192 14 476 179 35 35 -1 -1 -1 -1 
193 14 478 180 34 32 -1 -1 -1 -1 
194 14 478 180 34 32 -1 -1 -1 -1 
195 14 481 174 33 35 -1 -1 -1 -1 
196 14 484 172 31 34 -1 -1 -1 -1 
197 14 487 172 29 30 -1 -1 -1 -1 
198 8 590 150 12 14 -1 -1 -1 -1 
198 14 490 171 27 27 -1 -1 -1 -1 
199 8 590 150 12 14 -1 -1 -1 -1 
199 14 490 171 27 27 -1 -1 -1 -1 
200 8 590 150 12 14 -1 -1 -1 -1 
201 14 495 167 26 28 -1 -1 -1 -1 
202 14 497 166 25 28 -1 -1 -1 -1 
203 14 498 166 25 26 -1 -1 -1 -1 
204 14 498 166 25 26 -1 -1 -1 -1 
205 14 499 166 24 22 -1 -1 -1 -1 
206 14 501 165 24 20 -1 -1 -1 -1 
207 14 501 165 24 20 -1 -1 -1 -1 
208 14 504 164 22 20 -1 -1 -1 -1 
209 14 506 163 21 19 -1 -1 -1 -1 
210 14 506 163 21 19 -1 -1 -1 -1 
211 14 507 163 21 18 -1 -1 -1 -1 
212 14 509 163 21 17 -1 -1 -1 -1 
213 14 510 162 19 17 -1 -1 -1 -1 
214 14 510 162 19 17 -1 -1 -1 -1 
215 14 511 160 19 17 -1 -1 -1 -1 
216 14 512 159 19 17 -1 -1 -1 -1 
217 14 512 159 19 17 -1 -1 -1 -1 
218 8 594 154 16 24 -1 -1 -1 -1 
218 14 513 156 19 18 -1 -1 -1 -1 
219 8 594 154 16 24 -1 -1 -1 -1 
220 14 516 155 18 17 -1 -1 -1 -1 
221 14 516 155 18 17 -1 -1 -1 -1 
222 14 517 155 18 16 -1 -1 -1 -1 
223 14 517 155 18 16 -1 -1 -1 -1 
224 14 518 156 17 14 -1 -1 -1 -1 
225 14 519 155 17 14 -1 -1 -1 -1 
226 14 519 155 17 14 -1 -1 -1 -1 
227 14 520 155 17 14 -1 -1 -1 -1 
228 14 521 152 16 16 -1 -1 -1 -1 
229 14 521 152 16 16 -1 -1 -1 -1 
230 14 521 150 16 16 -1 -1 -1 -1 
231 14 522 151 16 14 -1 -1 -1 -1 
232 14 522 151 16 14 -1 -1 -1 -1 
236 14 522 151 16 14 -1 -1 -1 -1 
238 19 599 168 22 26 -1 -1 -1 -1 
238 20 0 270 95 174 -1 -1 -1 -1 
239 19 600 167 22 29 -1 -1 -1 -1 
239 20 0 244 127 199 -1 -1 -1 -1 
240 19 601 166 22 32 -1 -1 -1 -1 
240 20 0 200 156 244 -1 -1 -1 -1 
241 19 601 166 22 32 -1 -1 -1 -1 
241 20 0 200 156 244 -1 -1 -1 -1 
242 19 602 170 22 29 -1 -1 -1 -1 
242 20 0 186 186 275 -1 -1 -1 -1 
243 19 603 172 23 28 -1 -1 -1 -1 
243 20 0 187 210 267 -1 -1 -1 -1 
244 19 603 172 23 28 -1 -1 -1 -1 
244 20 0 187 210 267 -1 -1 -1 -1 
245 19 603 172 23 28 -1 -1 -1 -1 
246 20 0 171 251 263 -1 -1 -1 -1 
247 20 0 171 251 263 -1 -1 -1 -1 
248 20 3 166 263 254 -1 -1 -1 -1 
249 20 3 166 263 254 -1 -1 -1 -1 
250 20 3 161 283 242 -1 -1 -1 -1 
251 20 1 158 299 231 -1 -1 -1 -1 
252 20 1 158 299 231 -1 -1 -1 -1 
253 20 26 156 286 218 -1 -1 -1 -1 
254 20 62 152 265 206 -1 -1 -1 -1 
255 20 62 152 265 206 -1 -1 -1 -1 
255 21 610 175 29 44 -1 -1 -1 -1 
256 20 93 150 244 197 -1 -1 -1 -1 
256 21 610 175 29 47 -1 -1 -1 -1 
257 20 122 148 229 185 -1 -1 -1 -1 
257 21 612 178 27 45 -1 -1 -1 -1 
258 20 144 146 217 179 -1 -1 -1 -1 
259 20 144 146 217 179 -1 -1 -1 -1 
260 20 168 146 199 167 -1 -1 -1 -1 
261 20 168 146 199 167 -1 -1 -1 -1 
262 20 191 146 183 153 -1 -1 -1 -1 
263 20 212 145 170 149 -1 -1 -1 -1 
264 20 241 144 155 130 -1 -1 -1 -1 
265 20 241 144 155 130 -1 -1 -1 -1 
266 20 258 143 143 124 -1 -1 -1 -1 
267 20 275 143 133 117 -1 -1 -1 -1 
268 20 275 143 133 117 -1 -1 -1 -1 
269 20 289 143 125 111 -1 -1 -1 -1 
270 20 299 143 120 107 -1 -1 -1 -1 
271 20 299 143 120 107 -1 -1 -1 -1 
272 20 310 142 111 104 -1 -1 -1 -1 
273 20 321 141 105 99 -1 -1 -1 -1 
274 20 321 141 105 99 -1 -1 -1 -1 
275 20 330 139 101 94 -1 -1 -1 -1 
276 20 339 139 96 93 -1 -1 -1 -1 
277 20 347 138 92 89 -1 -1 -1 -1 
278 20 347 138 92 89 -1 -1 -1 -1 
279 20 355 138 86 84 -1 -1 -1 -1 
280 20 359 136 85 84 -1 -1 -1 -1 
281 20 359 136 85 84 -1 -1 -1 -1 
282 20 369 133 80 88 -1 -1 -1 -1 
283 20 369 133 80 88 -1 -1 -1 -1 
284 20 375 135 76 84 -1 -1 -1 -1 
285 20 381 136 73 76 -1 -1 -1 -1 
286 20 381 136 73 76 -1 -1 -1 -1 
287 20 385 134 72 74 -1 -1 -1 -1 
288 20 392 134 67 73 -1 -1 -1 -1 
289 20 392 134 67 73 -1 -1 -1 -1 
290 20 396 133 67 71 -1 -1 -1 -1 
291 20 401 132 64 71 -1 -1 -1 -1 
292 20 401 132 64 71 -1 -1 -1 -1 
292 23 401 132 64 71 -1 -1 -1 -1 
293 20 405 132 62 67 -1 -1 -1 -1 
294 20 405 132 62 67 -1 -1 -1 -1 
295 20 410 132 60 66 -1 -1 -1 -1 
296 20 412 131 59 67 -1 -1 -1 -1 
297 20 412 131 59 67 -1 -1 -1 -1 
298 20 416 132 58 64 -1 -1 -1 -1 
299 20 419 130 56 64 -1 -1 -1 -1 
300 20 419 130 56 64 -1 -1 -1 -1 
301 20 423 131 54 63 -1 -1 -1 -1 
302 20 427 131 53 62 -1 -1 -1 -1 
303 20 430 131 51 62 -1 -1 -1 -1 
304 20 430 131 51 62 -1 -1 -1 -1 
305 20 433 130 49 60 -1 -1 -1 -1 
305 25 575 147 15 15 -1 -1 -1 -1 
306 20 433 130 49 60 -1 -1 -1 -1 
306 25 575 147 15 15 -1 -1 -1 -1 
307 20 436 130 48 59 -1 -1 -1 -1 
307 25 575 147 15 15 -1 -1 -1 -1 
308 20 439 130 46 57 -1 -1 -1 -1 
308 25 575 146 15 17 -1 -1 -1 -1 
309 20 442 129 45 57 -1 -1 -1 -1 
309 25 575 147 15 18 -1 -1 -1 -1 
310 20 442 129 45 57 -1 -1 -1 -1 
310 25 575 147 15 18 -1 -1 -1 -1 
311 20 444 131 45 54 -1 -1 -1 -1 
311 25 575 146 16 20 -1 -1 -1 -1 
312 20 444 131 45 54 -1 -1 -1 -1 
312 25 575 146 16 20 -1 -1 -1 -1 
313 20 443 132 47 53 -1 -1 -1 -1 
319 20 453 132 43 47 -1 -1 -1 -1 
320 20 453 132 43 47 -1 -1 -1 -1 
321 20 457 133 40 45 -1 -1 -1 -1 
321 25 576 150 15 21 -1 -1 -1 -1 
324 20 461 131 38 44 -1 -1 -1 -1 
325 20 461 131 38 44 -1 -1 -1 -1 
329 20 465 131 38 43 -1 -1 -1 -1 
330 20 465 131 38 43 -1 -1 -1 -1 
331 20 466 131 38 43 -1 -1 -1 -1 
332 20 467 130 37 44 -1 -1 -1 -1 
333 20 467 130 37 44 -1 -1 -1 -1 
334 20 470 130 35 43 -1 -1 -1 -1 
335 20 471 131 35 40 -1 -1 -1 -1 
336 20 471 131 35 40 -1 -1 -1 -1 
337 20 474 131 32 40 -1 -1 -1 -1 
338 20 475 130 31 41 -1 -1 -1 -1 
339 20 475 130 32 40 -1 -1 -1 -1 
340 20 476 129 32 40 -1 -1 -1 -1 
341 20 476 129 32 40 -1 -1 -1 -1 
341 26 579 167 19 21 -1 -1 -1 -1 
342 20 478 130 30 37 -1 -1 -1 -1 
342 26 579 168 20 21 -1 -1 -1 -1 
343 20 481 130 29 36 -1 -1 -1 -1 
343 26 579 168 20 22 -1 -1 -1 -1 
344 20 481 130 29 36 -1 -1 -1 -1 
344 26 579 168 20 22 -1 -1 -1 -1 
345 20 482 129 29 36 -1 -1 -1 -1 
345 26 580 169 20 23 -1 -1 -1 -1 
346 20 483 129 28 36 -1 -1 -1 -1 
346 25 581 157 20 14 -1 -1 -1 -1 
346 26 580 171 21 25 -1 -1 -1 -1 
347 20 484 130 28 35 -1 -1 -1 -1 
347 25 581 157 20 14 -1 -1 -1 -1 
348 20 485 130 27 35 -1 -1 -1 -1 
348 25 580 157 22 15 -1 -1 -1 -1 
348 26 581 175 21 25 -1 -1 -1 -1 
349 20 485 130 27 35 -1 -1 -1 -1 
349 25 580 157 22 15 -1 -1 -1 -1 
349 26 581 175 21 25 -1 -1 -1 -1 
350 20 485 129 28 35 -1 -1 -1 -1 
350 25 580 157 22 15 -1 -1 -1 -1 
351 20 485 129 28 35 -1 -1 -1 -1 
351 26 582 178 24 26 -1 -1 -1 -1 
352 26 582 180 25 27 -1 -1 -1 -1 
353 26 582 180 25 27 -1 -1 -1 -1 
353 27 581 179 26 27 -1 -1 -1 -1 
354 26 582 179 26 30 -1 -1 -1 -1 
354 27 581 178 27 30 -1 -1 -1 -1 
355 26 580 178 29 32 -1 -1 -1 -1 
355 27 581 179 28 32 -1 -1 -1 -1 
356 26 580 178 29 32 -1 -1 -1 -1 
356 27 581 179 28 32 -1 -1 -1 -1 
357 26 580 178 29 32 -1 -1 -1 -1 
358 27 581 172 30 40 -1 -1 -1 -1 
359 27 585 177 25 39 -1 -1 -1 -1 
360 25 592 168 16 13 -1 -1 -1 -1 
360 27 586 187 27 34 -1 -1 -1 -1 
361 25 592 168 16 13 -1 -1 -1 -1 
361 27 586 187 27 34 -1 -1 -1 -1 
362 25 594 169 14 13 -1 -1 -1 -1 
363 25 583 168 19 15 -1 -1 -1 -1 
363 27 587 191 30 39 -1 -1 -1 -1 
364 25 583 168 19 15 -1 -1 -1 -1 
364 27 587 191 30 39 -1 -1 -1 -1 
365 25 596 169 14 15 -1 -1 -1 -1 
365 27 587 191 30 39 -1 -1 -1 -1 
366 25 585 171 17 15 -1 -1 -1 -1 
367 25 598 172 14 14 -1 -1 -1 -1 
