4 3 482 177 30 33 -1 -1 -1 -1 
5 3 485 176 29 28 -1 -1 -1 -1 
6 3 490 173 26 26 -1 -1 -1 -1 
7 3 490 173 26 26 -1 -1 -1 -1 
8 3 493 171 26 25 -1 -1 -1 -1 
9 3 497 169 23 24 -1 -1 -1 -1 
10 3 498 168 24 24 -1 -1 -1 -1 
11 3 500 166 24 22 -1 -1 -1 -1 
12 3 504 163 21 22 -1 -1 -1 -1 
13 3 506 162 21 21 -1 -1 -1 -1 
14 3 506 162 21 21 -1 -1 -1 -1 
15 3 509 160 20 21 -1 -1 -1 -1 
15 7 472 154 22 21 -1 -1 -1 -1 
16 3 510 159 20 21 -1 -1 -1 -1 
16 7 474 153 23 22 -1 -1 -1 -1 
17 3 512 158 19 19 -1 -1 -1 -1 
17 7 477 152 21 21 -1 -1 -1 -1 
18 3 512 158 19 19 -1 -1 -1 -1 
18 7 477 152 21 21 -1 -1 -1 -1 
19 3 513 158 20 17 -1 -1 -1 -1 
19 7 479 152 20 22 -1 -1 -1 -1 
20 3 515 157 19 16 -1 -1 -1 -1 
20 7 480 152 20 20 -1 -1 -1 -1 
21 3 517 155 17 16 -1 -1 -1 -1 
21 7 481 151 20 20 -1 -1 -1 -1 
22 3 519 155 16 15 -1 -1 -1 -1 
22 7 483 151 20 18 -1 -1 -1 -1 
23 3 519 155 16 15 -1 -1 -1 -1 
23 7 483 151 20 18 -1 -1 -1 -1 
24 3 521 153 15 16 -1 -1 -1 -1 
24 7 485 149 18 19 -1 -1 -1 -1 
25 3 521 150 16 17 -1 -1 -1 -1 
25 7 486 149 19 18 -1 -1 -1 -1 
33 3 578 154 11 17 -1 -1 -1 -1 
34 3 578 154 11 17 -1 -1 -1 -1 
35 3 578 156 11 16 -1 -1 -1 -1 
37 3 578 157 12 17 -1 -1 -1 -1 
37 8 604 156 18 26 -1 -1 -1 -1 
38 3 578 157 12 17 -1 -1 -1 -1 
39 8 605 156 17 27 -1 -1 -1 -1 
40 3 578 161 13 15 -1 -1 -1 -1 
40 8 605 156 18 28 -1 -1 -1 -1 
41 3 578 161 14 16 -1 -1 -1 -1 
42 3 577 161 15 16 -1 -1 -1 -1 
43 3 577 161 16 18 -1 -1 -1 -1 
44 3 577 161 16 18 -1 -1 -1 -1 
45 3 577 162 16 18 -1 -1 -1 -1 
46 3 577 165 17 16 -1 -1 -1 -1 
47 3 577 166 18 16 -1 -1 -1 -1 
48 3 577 166 19 18 -1 -1 -1 -1 
49 3 577 166 19 18 -1 -1 -1 -1 
50 3 578 168 18 18 -1 -1 -1 -1 
51 3 578 168 19 19 -1 -1 -1 -1 
52 3 577 167 20 21 -1 -1 -1 -1 
53 3 579 167 18 23 -1 -1 -1 -1 
54 3 579 167 18 23 -1 -1 -1 -1 
55 3 580 169 18 22 -1 -1 -1 -1 
56 3 580 172 19 20 -1 -1 -1 -1 
57 3 581 173 18 20 -1 -1 -1 -1 
58 3 581 174 19 22 -1 -1 -1 -1 
59 3 581 174 19 22 -1 -1 -1 -1 
60 3 582 174 19 24 -1 -1 -1 -1 
61 3 583 175 19 24 -1 -1 -1 -1 
62 3 584 177 19 24 -1 -1 -1 -1 
63 3 584 178 21 25 -1 -1 -1 -1 
63 11 622 176 17 36 -1 -1 -1 -1 
64 3 584 181 22 26 -1 -1 -1 -1 
64 11 625 180 14 36 -1 -1 -1 -1 
65 3 584 182 23 27 -1 -1 -1 -1 
65 11 624 175 15 40 -1 -1 -1 -1 
66 3 584 182 24 28 -1 -1 -1 -1 
67 3 584 182 24 28 -1 -1 -1 -1 
68 3 585 185 25 29 -1 -1 -1 -1 
69 3 587 186 23 30 -1 -1 -1 -1 
70 3 588 190 24 29 -1 -1 -1 -1 
71 3 589 192 25 29 -1 -1 -1 -1 
72 3 589 192 25 29 -1 -1 -1 -1 
73 3 589 193 27 34 -1 -1 -1 -1 
74 3 589 194 29 38 -1 -1 -1 -1 
75 3 591 198 29 37 -1 -1 -1 -1 
76 3 591 201 32 39 -1 -1 -1 -1 
77 3 592 204 32 41 -1 -1 -1 -1 
78 3 592 204 32 41 -1 -1 -1 -1 
79 3 593 210 33 42 -1 -1 -1 -1 
80 3 595 209 34 47 -1 -1 -1 -1 
81 3 597 211 36 51 -1 -1 -1 -1 
82 3 598 214 38 54 -1 -1 -1 -1 
83 3 598 219 40 55 -1 -1 -1 -1 
84 3 599 224 40 61 -1 -1 -1 -1 
85 3 602 228 37 67 -1 -1 -1 -1 
86 3 604 237 35 65 -1 -1 -1 -1 
87 3 605 242 34 73 -1 -1 -1 -1 
88 3 605 242 34 73 -1 -1 -1 -1 
88 15 583 166 13 14 -1 -1 -1 -1 
88 16 605 242 34 74 -1 -1 -1 -1 
89 3 606 244 33 82 -1 -1 -1 -1 
89 15 583 167 13 14 -1 -1 -1 -1 
90 3 609 254 30 88 -1 -1 -1 -1 
90 15 583 167 14 14 -1 -1 -1 -1 
91 3 609 254 30 88 -1 -1 -1 -1 
92 15 584 168 14 16 -1 -1 -1 -1 
93 15 584 168 14 16 -1 -1 -1 -1 
94 15 584 169 14 17 -1 -1 -1 -1 
102 15 585 174 17 19 -1 -1 -1 -1 
103 15 585 174 17 19 -1 -1 -1 -1 
104 15 586 177 16 18 -1 -1 -1 -1 
105 15 585 177 19 20 -1 -1 -1 -1 
106 15 585 177 19 20 -1 -1 -1 -1 
107 15 586 178 19 22 -1 -1 -1 -1 
108 15 586 181 20 20 -1 -1 -1 -1 
109 15 587 183 20 20 -1 -1 -1 -1 
110 15 587 183 20 20 -1 -1 -1 -1 
111 15 587 183 21 21 -1 -1 -1 -1 
111 18 578 151 15 15 -1 -1 -1 -1 
112 15 588 184 20 22 -1 -1 -1 -1 
112 18 579 151 14 16 -1 -1 -1 -1 
113 15 589 185 20 24 -1 -1 -1 -1 
113 18 579 152 15 16 -1 -1 -1 -1 
114 15 589 185 20 24 -1 -1 -1 -1 
114 18 579 152 15 16 -1 -1 -1 -1 
115 15 590 186 20 26 -1 -1 -1 -1 
115 18 579 152 15 17 -1 -1 -1 -1 
116 15 589 187 22 29 -1 -1 -1 -1 
116 18 579 152 16 18 -1 -1 -1 -1 
117 15 590 191 22 27 -1 -1 -1 -1 
117 18 580 151 16 20 -1 -1 -1 -1 
118 15 590 191 22 27 -1 -1 -1 -1 
118 18 580 151 16 20 -1 -1 -1 -1 
119 15 591 193 22 27 -1 -1 -1 -1 
119 18 580 152 17 19 -1 -1 -1 -1 
120 15 591 193 22 27 -1 -1 -1 -1 
120 18 580 152 17 19 -1 -1 -1 -1 
121 15 591 193 22 27 -1 -1 -1 -1 
122 18 581 154 17 20 -1 -1 -1 -1 
123 18 581 154 17 20 -1 -1 -1 -1 
124 18 581 154 17 22 -1 -1 -1 -1 
125 18 581 154 17 22 -1 -1 -1 -1 
126 18 581 155 18 22 -1 -1 -1 -1 
126 19 594 204 28 30 -1 -1 -1 -1 
127 18 582 157 17 22 -1 -1 -1 -1 
127 19 596 206 28 33 -1 -1 -1 -1 
128 18 582 157 17 22 -1 -1 -1 -1 
128 19 596 206 28 33 -1 -1 -1 -1 
129 18 583 159 16 21 -1 -1 -1 -1 
129 19 596 206 28 33 -1 -1 -1 -1 
130 18 583 159 16 22 -1 -1 -1 -1 
131 18 583 159 16 22 -1 -1 -1 -1 
131 20 226 175 15 25 -1 -1 -1 -1 
132 18 584 158 16 24 -1 -1 -1 -1 
132 19 598 213 30 41 -1 -1 -1 -1 
133 18 584 161 16 23 -1 -1 -1 -1 
133 19 600 216 30 43 -1 -1 -1 -1 
134 18 584 161 16 23 -1 -1 -1 -1 
134 19 600 216 30 43 -1 -1 -1 -1 
135 18 584 161 17 24 -1 -1 -1 -1 
135 19 599 222 34 42 -1 -1 -1 -1 
136 18 585 162 17 25 -1 -1 -1 -1 
136 19 600 225 38 47 -1 -1 -1 -1 
137 18 585 163 17 27 -1 -1 -1 -1 
137 19 603 232 36 48 -1 -1 -1 -1 
138 18 585 163 17 27 -1 -1 -1 -1 
138 19 603 232 36 48 -1 -1 -1 -1 
139 18 585 163 19 29 -1 -1 -1 -1 
139 19 604 238 35 51 -1 -1 -1 -1 
140 18 586 173 19 19 -1 -1 -1 -1 
140 19 605 242 34 56 -1 -1 -1 -1 
141 18 587 172 19 22 -1 -1 -1 -1 
141 19 607 249 32 57 -1 -1 -1 -1 
142 18 587 172 19 22 -1 -1 -1 -1 
142 19 607 249 32 57 -1 -1 -1 -1 
143 18 587 173 19 24 -1 -1 -1 -1 
143 19 609 253 30 64 -1 -1 -1 -1 
144 18 587 173 19 24 -1 -1 -1 -1 
144 19 609 253 30 64 -1 -1 -1 -1 
145 18 588 178 20 21 -1 -1 -1 -1 
146 18 588 178 20 25 -1 -1 -1 -1 
147 18 589 174 20 30 -1 -1 -1 -1 
148 18 589 174 20 30 -1 -1 -1 -1 
149 18 590 174 20 35 -1 -1 -1 -1 
150 18 590 174 20 35 -1 -1 -1 -1 
151 18 591 172 21 39 -1 -1 -1 -1 
152 18 593 171 20 42 -1 -1 -1 -1 
153 18 593 171 20 42 -1 -1 -1 -1 
154 18 594 171 21 46 -1 -1 -1 -1 
155 18 594 175 25 48 -1 -1 -1 -1 
156 18 594 175 25 48 -1 -1 -1 -1 
157 18 596 174 25 52 -1 -1 -1 -1 
158 18 597 191 25 39 -1 -1 -1 -1 
159 18 597 191 25 39 -1 -1 -1 -1 
160 18 598 197 27 37 -1 -1 -1 -1 
160 23 598 197 27 36 -1 -1 -1 -1 
161 18 600 199 28 40 -1 -1 -1 -1 
161 23 598 197 27 36 -1 -1 -1 -1 
162 18 600 203 31 41 -1 -1 -1 -1 
163 18 600 203 31 41 -1 -1 -1 -1 
163 24 603 180 18 22 -1 -1 -1 -1 
164 18 600 203 31 41 -1 -1 -1 -1 
165 24 603 182 20 25 -1 -1 -1 -1 
166 18 603 211 34 48 -1 -1 -1 -1 
166 24 605 184 19 24 -1 -1 -1 -1 
167 18 604 218 35 47 -1 -1 -1 -1 
167 24 606 186 20 25 -1 -1 -1 -1 
168 18 604 218 35 47 -1 -1 -1 -1 
168 24 606 186 20 25 -1 -1 -1 -1 
169 18 607 219 32 53 -1 -1 -1 -1 
169 24 606 187 22 28 -1 -1 -1 -1 
170 18 608 223 31 58 -1 -1 -1 -1 
170 24 608 190 23 29 -1 -1 -1 -1 
171 18 610 231 29 59 -1 -1 -1 -1 
171 24 610 193 23 29 -1 -1 -1 -1 
172 18 610 231 29 59 -1 -1 -1 -1 
172 24 610 193 23 29 -1 -1 -1 -1 
173 18 614 238 25 62 -1 -1 -1 -1 
173 24 612 196 25 31 -1 -1 -1 -1 
174 18 614 238 25 62 -1 -1 -1 -1 
174 24 612 196 25 31 -1 -1 -1 -1 
175 18 616 245 23 67 -1 -1 -1 -1 
175 24 613 197 26 35 -1 -1 -1 -1 
176 18 616 245 23 67 -1 -1 -1 -1 
177 24 614 200 25 34 -1 -1 -1 -1 
178 24 616 203 23 37 -1 -1 -1 -1 
179 24 618 206 21 39 -1 -1 -1 -1 
180 24 618 206 21 39 -1 -1 -1 -1 
180 25 619 206 20 38 -1 -1 -1 -1 
181 24 621 211 18 39 -1 -1 -1 -1 
182 24 621 211 18 39 -1 -1 -1 -1 
184 26 121 368 206 110 -1 -1 -1 -1 
185 26 187 335 171 133 -1 -1 -1 -1 
186 26 241 309 144 113 -1 -1 -1 -1 
187 26 241 309 144 113 -1 -1 -1 -1 
188 26 285 288 122 99 -1 -1 -1 -1 
189 26 319 263 105 95 -1 -1 -1 -1 
190 26 319 263 105 95 -1 -1 -1 -1 
191 26 348 255 91 78 -1 -1 -1 -1 
192 26 370 243 80 71 -1 -1 -1 -1 
193 26 370 243 80 71 -1 -1 -1 -1 
194 26 386 232 75 66 -1 -1 -1 -1 
195 26 403 225 66 61 -1 -1 -1 -1 
196 26 416 216 62 59 -1 -1 -1 -1 
197 26 416 216 62 59 -1 -1 -1 -1 
198 26 426 210 56 53 -1 -1 -1 -1 
199 26 426 210 56 53 -1 -1 -1 -1 
200 26 436 208 53 46 -1 -1 -1 -1 
200 28 437 208 52 44 -1 -1 -1 -1 
201 26 445 202 47 44 -1 -1 -1 -1 
202 26 454 198 43 42 -1 -1 -1 -1 
203 26 454 198 43 42 -1 -1 -1 -1 
204 26 461 195 40 39 -1 -1 -1 -1 
205 26 461 195 40 39 -1 -1 -1 -1 
206 26 465 191 37 36 -1 -1 -1 -1 
207 26 471 187 34 35 -1 -1 -1 -1 
208 26 471 187 34 35 -1 -1 -1 -1 
209 26 472 186 36 31 -1 -1 -1 -1 
210 26 478 181 33 32 -1 -1 -1 -1 
211 26 483 178 29 31 -1 -1 -1 -1 
212 26 483 178 29 31 -1 -1 -1 -1 
213 26 487 177 26 27 -1 -1 -1 -1 
214 26 490 176 25 25 -1 -1 -1 -1 
215 26 490 176 25 25 -1 -1 -1 -1 
216 26 493 172 26 25 -1 -1 -1 -1 
217 26 495 171 25 24 -1 -1 -1 -1 
218 26 495 171 25 24 -1 -1 -1 -1 
219 26 498 170 22 22 -1 -1 -1 -1 
220 26 498 168 24 23 -1 -1 -1 -1 
221 26 498 168 24 23 -1 -1 -1 -1 
222 26 500 167 23 21 -1 -1 -1 -1 
223 26 500 167 23 21 -1 -1 -1 -1 
224 26 505 166 20 19 -1 -1 -1 -1 
225 26 506 163 20 20 -1 -1 -1 -1 
226 26 509 163 18 18 -1 -1 -1 -1 
227 26 509 163 18 18 -1 -1 -1 -1 
228 26 510 161 19 19 -1 -1 -1 -1 
229 26 511 160 19 18 -1 -1 -1 -1 
230 26 513 159 17 18 -1 -1 -1 -1 
231 26 513 159 17 18 -1 -1 -1 -1 
232 26 513 158 19 18 -1 -1 -1 -1 
233 26 515 157 19 17 -1 -1 -1 -1 
234 26 516 157 18 16 -1 -1 -1 -1 
234 29 213 330 170 137 -1 -1 -1 -1 
234 30 594 152 14 14 -1 -1 -1 -1 
235 26 516 157 18 16 -1 -1 -1 -1 
235 29 213 330 170 137 -1 -1 -1 -1 
235 30 594 152 14 14 -1 -1 -1 -1 
236 26 518 156 17 15 -1 -1 -1 -1 
236 29 265 305 142 113 -1 -1 -1 -1 
236 30 595 153 16 14 -1 -1 -1 -1 
237 26 519 156 17 14 -1 -1 -1 -1 
237 29 307 277 120 104 -1 -1 -1 -1 
237 30 595 154 16 13 -1 -1 -1 -1 
238 26 519 156 17 14 -1 -1 -1 -1 
238 29 307 277 120 104 -1 -1 -1 -1 
238 30 595 154 16 13 -1 -1 -1 -1 
239 26 520 155 16 14 -1 -1 -1 -1 
239 29 339 261 104 92 -1 -1 -1 -1 
239 30 595 154 15 14 -1 -1 -1 -1 
240 26 521 154 15 13 -1 -1 -1 -1 
240 29 366 248 91 79 -1 -1 -1 -1 
240 30 596 155 15 14 -1 -1 -1 -1 
241 26 521 154 15 13 -1 -1 -1 -1 
241 29 386 231 79 80 -1 -1 -1 -1 
241 30 596 155 15 14 -1 -1 -1 -1 
242 29 401 224 73 71 -1 -1 -1 -1 
242 30 596 156 15 14 -1 -1 -1 -1 
242 31 401 224 72 71 -1 -1 -1 -1 
243 29 416 217 64 63 -1 -1 -1 -1 
243 30 596 156 15 14 -1 -1 -1 -1 
243 31 416 217 64 62 -1 -1 -1 -1 
244 29 428 210 59 59 -1 -1 -1 -1 
244 30 597 156 14 14 -1 -1 -1 -1 
245 29 428 210 59 59 -1 -1 -1 -1 
245 30 597 156 14 14 -1 -1 -1 -1 
246 29 438 207 53 49 -1 -1 -1 -1 
246 30 597 156 15 15 -1 -1 -1 -1 
247 29 445 203 50 45 -1 -1 -1 -1 
247 30 597 155 15 17 -1 -1 -1 -1 
248 29 445 203 50 45 -1 -1 -1 -1 
248 30 597 155 15 17 -1 -1 -1 -1 
249 29 455 197 45 44 -1 -1 -1 -1 
249 30 597 156 15 16 -1 -1 -1 -1 
250 29 460 191 44 42 -1 -1 -1 -1 
250 30 598 156 15 17 -1 -1 -1 -1 
251 29 460 191 44 42 -1 -1 -1 -1 
251 30 598 156 15 17 -1 -1 -1 -1 
252 29 467 188 39 39 -1 -1 -1 -1 
252 30 598 156 15 18 -1 -1 -1 -1 
253 29 467 188 39 39 -1 -1 -1 -1 
253 30 598 156 15 18 -1 -1 -1 -1 
254 29 471 185 37 37 -1 -1 -1 -1 
254 30 599 160 15 16 -1 -1 -1 -1 
255 29 476 184 35 31 -1 -1 -1 -1 
255 30 599 160 16 17 -1 -1 -1 -1 
256 29 476 184 35 31 -1 -1 -1 -1 
256 30 599 160 16 17 -1 -1 -1 -1 
257 29 480 179 33 32 -1 -1 -1 -1 
257 30 599 162 18 16 -1 -1 -1 -1 
258 26 578 156 13 14 -1 -1 -1 -1 
258 29 484 177 30 31 -1 -1 -1 -1 
258 30 599 162 18 17 -1 -1 -1 -1 
259 26 578 156 13 14 -1 -1 -1 -1 
259 29 484 177 30 31 -1 -1 -1 -1 
259 30 599 162 18 17 -1 -1 -1 -1 
260 26 578 157 13 15 -1 -1 -1 -1 
260 29 488 175 28 28 -1 -1 -1 -1 
260 30 599 163 19 16 -1 -1 -1 -1 
261 26 578 157 13 15 -1 -1 -1 -1 
261 29 488 175 28 28 -1 -1 -1 -1 
261 30 599 163 19 16 -1 -1 -1 -1 
262 26 578 157 14 16 -1 -1 -1 -1 
262 29 492 172 26 26 -1 -1 -1 -1 
262 30 599 164 19 16 -1 -1 -1 -1 
263 26 578 158 14 16 -1 -1 -1 -1 
263 29 493 170 28 27 -1 -1 -1 -1 
263 30 601 166 17 15 -1 -1 -1 -1 
264 26 578 159 14 16 -1 -1 -1 -1 
264 29 496 169 26 24 -1 -1 -1 -1 
264 30 602 167 16 15 -1 -1 -1 -1 
265 26 578 159 14 16 -1 -1 -1 -1 
265 29 496 169 26 24 -1 -1 -1 -1 
265 30 602 167 16 15 -1 -1 -1 -1 
266 26 578 161 15 15 -1 -1 -1 -1 
266 29 498 167 24 24 -1 -1 -1 -1 
266 30 602 167 17 17 -1 -1 -1 -1 
267 26 578 162 16 16 -1 -1 -1 -1 
267 29 500 165 25 23 -1 -1 -1 -1 
267 30 603 167 17 18 -1 -1 -1 -1 
268 26 578 162 16 16 -1 -1 -1 -1 
268 29 500 165 25 23 -1 -1 -1 -1 
268 30 603 167 17 18 -1 -1 -1 -1 
269 26 579 163 15 16 -1 -1 -1 -1 
269 29 503 163 22 22 -1 -1 -1 -1 
269 30 603 168 18 18 -1 -1 -1 -1 
270 26 579 164 16 17 -1 -1 -1 -1 
270 29 504 162 22 21 -1 -1 -1 -1 
270 30 603 168 20 21 -1 -1 -1 -1 
271 26 579 164 16 17 -1 -1 -1 -1 
271 29 504 162 22 21 -1 -1 -1 -1 
271 30 603 168 20 21 -1 -1 -1 -1 
272 26 579 165 16 17 -1 -1 -1 -1 
272 29 507 161 20 20 -1 -1 -1 -1 
272 30 604 168 19 21 -1 -1 -1 -1 
273 26 579 165 16 17 -1 -1 -1 -1 
273 29 507 161 20 20 -1 -1 -1 -1 
273 30 604 168 19 21 -1 -1 -1 -1 
274 26 580 166 16 17 -1 -1 -1 -1 
274 29 509 159 19 21 -1 -1 -1 -1 
274 30 605 169 19 20 -1 -1 -1 -1 
275 26 581 167 16 18 -1 -1 -1 -1 
275 29 510 158 21 21 -1 -1 -1 -1 
275 30 606 169 18 22 -1 -1 -1 -1 
276 26 581 167 16 18 -1 -1 -1 -1 
276 29 510 158 21 21 -1 -1 -1 -1 
276 30 606 169 18 22 -1 -1 -1 -1 
277 26 582 167 16 19 -1 -1 -1 -1 
277 29 511 157 20 20 -1 -1 -1 -1 
277 30 607 170 18 21 -1 -1 -1 -1 
278 26 582 169 16 19 -1 -1 -1 -1 
278 29 512 156 19 18 -1 -1 -1 -1 
278 30 607 172 19 21 -1 -1 -1 -1 
279 26 582 169 16 19 -1 -1 -1 -1 
279 29 512 156 19 18 -1 -1 -1 -1 
279 30 607 172 19 21 -1 -1 -1 -1 
280 26 582 169 18 20 -1 -1 -1 -1 
280 29 514 155 17 18 -1 -1 -1 -1 
280 30 607 173 19 19 -1 -1 -1 -1 
281 26 583 173 17 19 -1 -1 -1 -1 
281 29 515 154 18 17 -1 -1 -1 -1 
281 30 608 174 20 20 -1 -1 -1 -1 
282 26 583 173 17 19 -1 -1 -1 -1 
282 29 515 154 18 17 -1 -1 -1 -1 
282 30 608 174 20 20 -1 -1 -1 -1 
283 26 584 174 18 19 -1 -1 -1 -1 
283 29 517 153 16 17 -1 -1 -1 -1 
283 30 610 178 18 21 -1 -1 -1 -1 
284 26 584 174 18 23 -1 -1 -1 -1 
284 29 518 151 16 17 -1 -1 -1 -1 
284 30 611 177 20 24 -1 -1 -1 -1 
285 26 584 174 18 23 -1 -1 -1 -1 
285 29 518 151 16 17 -1 -1 -1 -1 
285 30 611 177 20 24 -1 -1 -1 -1 
286 26 585 176 18 22 -1 -1 -1 -1 
286 29 518 151 16 17 -1 -1 -1 -1 
287 26 586 177 18 24 -1 -1 -1 -1 
287 30 613 179 22 24 -1 -1 -1 -1 
288 26 586 177 18 24 -1 -1 -1 -1 
288 30 613 179 22 24 -1 -1 -1 -1 
289 26 585 179 21 24 -1 -1 -1 -1 
289 30 614 180 23 27 -1 -1 -1 -1 
290 26 585 179 21 24 -1 -1 -1 -1 
290 30 614 180 23 27 -1 -1 -1 -1 
291 26 585 181 22 25 -1 -1 -1 -1 
291 30 613 180 26 29 -1 -1 -1 -1 
292 26 586 183 22 25 -1 -1 -1 -1 
292 30 615 179 24 31 -1 -1 -1 -1 
293 26 586 183 22 25 -1 -1 -1 -1 
293 30 615 179 24 31 -1 -1 -1 -1 
294 26 586 185 23 28 -1 -1 -1 -1 
294 30 617 180 22 30 -1 -1 -1 -1 
295 26 588 187 23 30 -1 -1 -1 -1 
295 30 621 185 18 28 -1 -1 -1 -1 
296 26 588 187 23 30 -1 -1 -1 -1 
296 30 621 185 18 28 -1 -1 -1 -1 
297 26 589 191 25 29 -1 -1 -1 -1 
297 30 622 186 17 30 -1 -1 -1 -1 
298 26 589 191 25 29 -1 -1 -1 -1 
298 30 622 186 17 30 -1 -1 -1 -1 
299 26 589 194 27 31 -1 -1 -1 -1 
299 30 623 187 16 30 -1 -1 -1 -1 
300 26 590 196 29 36 -1 -1 -1 -1 
300 30 624 189 15 30 -1 -1 -1 -1 
301 26 590 196 29 36 -1 -1 -1 -1 
301 30 624 189 15 30 -1 -1 -1 -1 
302 26 592 199 28 34 -1 -1 -1 -1 
302 30 624 190 15 31 -1 -1 -1 -1 
303 26 593 203 30 39 -1 -1 -1 -1 
303 30 626 192 13 29 -1 -1 -1 -1 
304 26 593 203 30 39 -1 -1 -1 -1 
304 30 626 192 13 29 -1 -1 -1 -1 
305 26 594 207 31 38 -1 -1 -1 -1 
305 30 627 194 12 33 -1 -1 -1 -1 
306 26 594 207 31 38 -1 -1 -1 -1 
306 30 627 194 12 33 -1 -1 -1 -1 
307 26 595 211 34 43 -1 -1 -1 -1 
308 26 596 213 38 49 -1 -1 -1 -1 
309 26 596 213 38 49 -1 -1 -1 -1 
310 26 598 222 39 48 -1 -1 -1 -1 
311 26 599 227 40 54 -1 -1 -1 -1 
312 26 599 227 40 54 -1 -1 -1 -1 
313 26 601 232 38 58 -1 -1 -1 -1 
316 26 605 251 34 69 -1 -1 -1 -1 
317 26 608 257 31 83 -1 -1 -1 -1 
318 26 608 257 31 83 -1 -1 -1 -1 
319 26 611 270 28 94 -1 -1 -1 -1 
324 26 611 270 28 94 -1 -1 -1 -1 
329 30 577 153 11 13 -1 -1 -1 -1 
330 30 577 153 12 14 -1 -1 -1 -1 
331 30 577 153 12 14 -1 -1 -1 -1 
332 30 578 153 11 14 -1 -1 -1 -1 
333 30 578 153 11 14 -1 -1 -1 -1 
334 30 577 154 13 15 -1 -1 -1 -1 
335 30 579 155 12 15 -1 -1 -1 -1 
336 30 579 155 12 15 -1 -1 -1 -1 
337 30 579 156 11 14 -1 -1 -1 -1 
338 30 579 157 12 15 -1 -1 -1 -1 
339 30 579 157 12 15 -1 -1 -1 -1 
340 30 579 159 12 14 -1 -1 -1 -1 
341 30 579 160 13 14 -1 -1 -1 -1 
342 30 579 160 13 14 -1 -1 -1 -1 
343 30 578 162 15 13 -1 -1 -1 -1 
344 30 578 162 15 13 -1 -1 -1 -1 
345 30 578 161 15 15 -1 -1 -1 -1 
346 30 578 162 16 15 -1 -1 -1 -1 
347 30 578 162 16 15 -1 -1 -1 -1 
348 30 578 162 18 17 -1 -1 -1 -1 
349 30 578 164 18 17 -1 -1 -1 -1 
350 30 578 164 18 17 -1 -1 -1 -1 
350 35 19 340 325 136 -1 -1 -1 -1 
351 30 580 165 17 16 -1 -1 -1 -1 
351 35 122 302 254 175 -1 -1 -1 -1 
352 30 580 165 17 18 -1 -1 -1 -1 
352 35 199 275 203 198 -1 -1 -1 -1 
353 30 580 166 18 18 -1 -1 -1 -1 
353 35 257 257 167 170 -1 -1 -1 -1 
353 36 0 232 135 234 -1 -1 -1 -1 
354 30 580 166 18 18 -1 -1 -1 -1 
354 35 257 257 167 170 -1 -1 -1 -1 
354 36 0 232 135 234 -1 -1 -1 -1 
355 30 581 168 17 19 -1 -1 -1 -1 
355 35 300 242 143 147 -1 -1 -1 -1 
355 36 0 218 170 249 -1 -1 -1 -1 
356 30 582 169 17 19 -1 -1 -1 -1 
356 35 334 225 121 131 -1 -1 -1 -1 
356 36 0 209 201 265 -1 -1 -1 -1 
357 30 582 169 17 20 -1 -1 -1 -1 
357 35 361 217 106 115 -1 -1 -1 -1 
357 36 2 200 227 273 -1 -1 -1 -1 
358 30 582 169 17 20 -1 -1 -1 -1 
358 35 361 217 106 115 -1 -1 -1 -1 
358 36 2 200 227 273 -1 -1 -1 -1 
358 38 226 174 15 26 -1 -1 -1 -1 
359 30 583 171 18 21 -1 -1 -1 -1 
359 35 383 210 93 109 -1 -1 -1 -1 
359 36 2 192 252 285 -1 -1 -1 -1 
359 38 226 174 15 26 -1 -1 -1 -1 
360 30 584 173 17 20 -1 -1 -1 -1 
360 35 400 205 81 90 -1 -1 -1 -1 
360 36 5 189 269 274 -1 -1 -1 -1 
361 30 584 173 17 20 -1 -1 -1 -1 
361 35 400 205 81 90 -1 -1 -1 -1 
361 36 5 189 269 274 -1 -1 -1 -1 
362 30 583 174 20 22 -1 -1 -1 -1 
362 35 414 196 75 83 -1 -1 -1 -1 
362 36 1 180 298 266 -1 -1 -1 -1 
363 30 583 175 21 22 -1 -1 -1 -1 
363 35 426 192 68 77 -1 -1 -1 -1 
363 36 1 166 324 268 -1 -1 -1 -1 
364 30 583 175 21 22 -1 -1 -1 -1 
364 35 426 192 68 77 -1 -1 -1 -1 
364 36 1 166 324 268 -1 -1 -1 -1 
365 30 584 177 21 23 -1 -1 -1 -1 
365 35 436 188 64 75 -1 -1 -1 -1 
365 36 2 170 336 239 -1 -1 -1 -1 
366 30 584 179 21 23 -1 -1 -1 -1 
366 35 446 182 56 72 -1 -1 -1 -1 
366 36 18 166 334 217 -1 -1 -1 -1 
367 30 584 179 21 23 -1 -1 -1 -1 
367 35 446 182 56 72 -1 -1 -1 -1 
367 36 18 166 334 217 -1 -1 -1 -1 
368 30 584 179 23 25 -1 -1 -1 -1 
368 35 453 178 51 70 -1 -1 -1 -1 
368 36 63 165 303 201 -1 -1 -1 -1 
369 30 584 181 24 26 -1 -1 -1 -1 
369 35 459 176 50 64 -1 -1 -1 -1 
369 36 120 167 253 183 -1 -1 -1 -1 
370 30 584 181 24 26 -1 -1 -1 -1 
370 35 459 176 50 64 -1 -1 -1 -1 
370 36 120 167 253 183 -1 -1 -1 -1 
370 39 584 181 24 27 -1 -1 -1 -1 
371 30 586 183 23 27 -1 -1 -1 -1 
371 35 465 174 46 61 -1 -1 -1 -1 
371 36 148 165 232 171 -1 -1 -1 -1 
371 39 586 183 23 26 -1 -1 -1 -1 
372 30 586 185 24 28 -1 -1 -1 -1 
372 35 471 171 43 56 -1 -1 -1 -1 
372 36 178 163 211 153 -1 -1 -1 -1 
372 39 588 184 21 28 -1 -1 -1 -1 
373 30 586 185 24 28 -1 -1 -1 -1 
373 35 471 171 43 56 -1 -1 -1 -1 
373 36 178 163 211 153 -1 -1 -1 -1 
373 39 588 184 21 28 -1 -1 -1 -1 
374 30 586 186 26 33 -1 -1 -1 -1 
374 35 475 169 41 54 -1 -1 -1 -1 
374 36 211 165 183 137 -1 -1 -1 -1 
374 39 587 187 25 30 -1 -1 -1 -1 
375 30 586 186 26 33 -1 -1 -1 -1 
375 35 479 165 41 52 -1 -1 -1 -1 
375 36 231 168 168 124 -1 -1 -1 -1 
376 35 479 165 41 52 -1 -1 -1 -1 
376 36 231 168 168 124 -1 -1 -1 -1 
376 39 588 190 25 30 -1 -1 -1 -1 
377 35 484 165 35 49 -1 -1 -1 -1 
377 36 266 169 137 112 -1 -1 -1 -1 
377 39 589 193 28 33 -1 -1 -1 -1 
378 35 484 165 35 49 -1 -1 -1 -1 
378 36 274 166 138 105 -1 -1 -1 -1 
378 39 591 194 28 36 -1 -1 -1 -1 
379 36 274 166 138 105 -1 -1 -1 -1 
379 39 591 194 28 36 -1 -1 -1 -1 
380 36 288 166 119 98 -1 -1 -1 -1 
380 39 590 198 30 35 -1 -1 -1 -1 
381 36 288 166 119 98 -1 -1 -1 -1 
381 39 590 198 30 35 -1 -1 -1 -1 
382 30 591 202 32 36 -1 -1 -1 -1 
382 36 305 160 119 98 -1 -1 -1 -1 
382 39 592 201 31 36 -1 -1 -1 -1 
383 30 591 202 32 36 -1 -1 -1 -1 
383 36 320 158 110 93 -1 -1 -1 -1 
383 39 591 204 34 41 -1 -1 -1 -1 
384 36 333 156 102 88 -1 -1 -1 -1 
384 39 594 207 34 44 -1 -1 -1 -1 
385 36 333 156 102 88 -1 -1 -1 -1 
385 39 594 207 34 44 -1 -1 -1 -1 
385 41 498 157 32 38 -1 -1 -1 -1 
386 36 345 153 92 86 -1 -1 -1 -1 
386 39 595 210 35 45 -1 -1 -1 -1 
386 41 501 154 31 39 -1 -1 -1 -1 
387 36 353 151 91 85 -1 -1 -1 -1 
387 39 596 215 39 49 -1 -1 -1 -1 
387 41 503 154 29 37 -1 -1 -1 -1 
388 36 353 151 91 85 -1 -1 -1 -1 
388 39 596 215 39 49 -1 -1 -1 -1 
388 41 503 154 29 37 -1 -1 -1 -1 
389 36 358 155 88 75 -1 -1 -1 -1 
389 39 597 219 41 52 -1 -1 -1 -1 
389 41 505 152 28 36 -1 -1 -1 -1 
390 36 369 153 83 75 -1 -1 -1 -1 
390 39 597 219 41 52 -1 -1 -1 -1 
391 36 375 152 80 72 -1 -1 -1 -1 
391 39 600 229 39 59 -1 -1 -1 -1 
392 36 375 152 80 72 -1 -1 -1 -1 
392 39 600 229 39 59 -1 -1 -1 -1 
393 36 384 149 76 71 -1 -1 -1 -1 
393 39 600 229 39 59 -1 -1 -1 -1 
394 36 384 149 76 71 -1 -1 -1 -1 
394 41 510 151 23 32 -1 -1 -1 -1 
395 36 390 146 73 72 -1 -1 -1 -1 
395 41 510 151 23 32 -1 -1 -1 -1 
396 36 400 147 68 67 -1 -1 -1 -1 
397 36 400 147 68 67 -1 -1 -1 -1 
397 43 606 254 33 80 -1 -1 -1 -1 
398 36 403 145 67 65 -1 -1 -1 -1 
398 41 515 149 20 28 -1 -1 -1 -1 
398 43 607 266 32 82 -1 -1 -1 -1 
399 36 407 145 66 61 -1 -1 -1 -1 
400 36 414 145 60 59 -1 -1 -1 -1 
400 41 518 148 19 25 -1 -1 -1 -1 
401 36 414 145 60 59 -1 -1 -1 -1 
401 41 518 148 19 25 -1 -1 -1 -1 
402 36 417 144 59 58 -1 -1 -1 -1 
402 41 519 147 20 25 -1 -1 -1 -1 
403 36 420 144 59 55 -1 -1 -1 -1 
403 41 520 147 20 24 -1 -1 -1 -1 
404 36 420 144 59 55 -1 -1 -1 -1 
404 41 520 147 20 24 -1 -1 -1 -1 
405 36 424 143 58 54 -1 -1 -1 -1 
405 41 521 146 19 24 -1 -1 -1 -1 
406 36 424 143 58 54 -1 -1 -1 -1 
406 41 521 146 19 24 -1 -1 -1 -1 
407 36 429 143 55 53 -1 -1 -1 -1 
407 41 522 145 19 25 -1 -1 -1 -1 
408 36 433 141 54 53 -1 -1 -1 -1 
408 41 523 146 18 21 -1 -1 -1 -1 
409 36 433 141 54 53 -1 -1 -1 -1 
409 41 523 146 18 21 -1 -1 -1 -1 
410 36 435 143 54 51 -1 -1 -1 -1 
410 41 524 146 18 20 -1 -1 -1 -1 
411 36 440 142 49 48 -1 -1 -1 -1 
412 36 440 142 49 48 -1 -1 -1 -1 
413 36 443 141 47 50 -1 -1 -1 -1 
413 41 526 144 16 19 -1 -1 -1 -1 
414 36 443 141 47 50 -1 -1 -1 -1 
414 41 526 144 16 19 -1 -1 -1 -1 
415 36 444 140 49 49 -1 -1 -1 -1 
415 41 527 144 16 18 -1 -1 -1 -1 
416 36 448 140 45 47 -1 -1 -1 -1 
416 41 528 143 15 18 -1 -1 -1 -1 
417 36 448 140 45 47 -1 -1 -1 -1 
417 41 528 143 15 18 -1 -1 -1 -1 
418 36 451 139 45 46 -1 -1 -1 -1 
418 41 529 144 14 15 -1 -1 -1 -1 
419 36 451 139 45 46 -1 -1 -1 -1 
419 41 529 144 14 15 -1 -1 -1 -1 
420 36 454 138 44 46 -1 -1 -1 -1 
420 41 530 144 14 15 -1 -1 -1 -1 
421 36 456 138 43 43 -1 -1 -1 -1 
421 41 530 143 14 16 -1 -1 -1 -1 
422 36 456 138 43 43 -1 -1 -1 -1 
422 41 530 143 14 16 -1 -1 -1 -1 
423 36 460 138 39 42 -1 -1 -1 -1 
424 36 460 138 39 42 -1 -1 -1 -1 
425 36 462 138 38 41 -1 -1 -1 -1 
426 36 464 137 37 41 -1 -1 -1 -1 
427 36 464 137 37 41 -1 -1 -1 -1 
428 36 465 137 38 41 -1 -1 -1 -1 
428 46 465 137 37 40 -1 -1 -1 -1 
429 36 465 137 38 41 -1 -1 -1 -1 
429 46 465 137 37 40 -1 -1 -1 -1 
430 36 467 136 36 41 -1 -1 -1 -1 
430 46 467 137 37 39 -1 -1 -1 -1 
431 36 468 138 37 36 -1 -1 -1 -1 
431 46 467 137 38 38 -1 -1 -1 -1 
432 36 468 138 37 36 -1 -1 -1 -1 
432 46 467 137 38 38 -1 -1 -1 -1 
433 36 468 138 37 36 -1 -1 -1 -1 
433 46 471 137 36 38 -1 -1 -1 -1 
434 46 471 137 36 38 -1 -1 -1 -1 
434 48 90 252 285 224 -1 -1 -1 -1 
435 46 473 135 34 38 -1 -1 -1 -1 
435 48 158 237 237 237 -1 -1 -1 -1 
436 41 582 155 13 14 -1 -1 -1 -1 
436 46 474 135 34 37 -1 -1 -1 -1 
436 48 213 223 199 219 -1 -1 -1 -1 
437 41 582 155 13 14 -1 -1 -1 -1 
437 46 474 135 34 37 -1 -1 -1 -1 
437 48 213 223 199 219 -1 -1 -1 -1 
438 41 582 156 13 13 -1 -1 -1 -1 
438 46 475 135 34 36 -1 -1 -1 -1 
438 48 255 212 174 197 -1 -1 -1 -1 
439 41 582 156 14 14 -1 -1 -1 -1 
439 46 476 136 34 34 -1 -1 -1 -1 
439 48 286 206 158 172 -1 -1 -1 -1 
440 41 582 157 14 14 -1 -1 -1 -1 
440 46 478 136 32 32 -1 -1 -1 -1 
440 48 315 199 141 156 -1 -1 -1 -1 
441 41 582 158 15 14 -1 -1 -1 -1 
441 46 480 135 32 33 -1 -1 -1 -1 
441 48 340 190 123 146 -1 -1 -1 -1 
442 41 582 157 15 16 -1 -1 -1 -1 
442 46 482 134 30 34 -1 -1 -1 -1 
442 48 360 188 112 128 -1 -1 -1 -1 
443 41 582 158 15 17 -1 -1 -1 -1 
443 46 485 133 27 34 -1 -1 -1 -1 
443 48 379 168 104 138 -1 -1 -1 -1 
444 41 582 158 15 17 -1 -1 -1 -1 
444 46 485 133 27 34 -1 -1 -1 -1 
444 48 379 168 104 138 -1 -1 -1 -1 
445 41 582 160 16 17 -1 -1 -1 -1 
445 46 485 133 27 34 -1 -1 -1 -1 
446 41 582 160 15 18 -1 -1 -1 -1 
446 46 486 134 28 31 -1 -1 -1 -1 
446 48 402 177 88 102 -1 -1 -1 -1 
447 41 582 160 15 18 -1 -1 -1 -1 
447 46 486 134 28 31 -1 -1 -1 -1 
447 48 402 177 88 102 -1 -1 -1 -1 
448 41 584 162 15 17 -1 -1 -1 -1 
448 46 487 135 27 29 -1 -1 -1 -1 
448 48 402 177 88 102 -1 -1 -1 -1 
449 41 584 164 15 16 -1 -1 -1 -1 
449 46 488 135 27 28 -1 -1 -1 -1 
449 53 423 173 73 89 -1 -1 -1 -1 
450 41 584 164 15 16 -1 -1 -1 -1 
450 46 488 135 27 28 -1 -1 -1 -1 
450 53 423 173 73 89 -1 -1 -1 -1 
451 41 585 165 14 16 -1 -1 -1 -1 
451 46 490 137 26 25 -1 -1 -1 -1 
451 53 432 170 69 83 -1 -1 -1 -1 
452 41 585 166 15 16 -1 -1 -1 -1 
452 46 492 135 24 25 -1 -1 -1 -1 
452 53 438 169 65 76 -1 -1 -1 -1 
453 41 585 166 15 16 -1 -1 -1 -1 
453 46 492 135 24 25 -1 -1 -1 -1 
453 53 438 169 65 76 -1 -1 -1 -1 
454 41 585 166 16 17 -1 -1 -1 -1 
454 46 493 134 25 26 -1 -1 -1 -1 
454 53 446 167 59 76 -1 -1 -1 -1 
455 41 586 167 15 17 -1 -1 -1 -1 
455 46 494 133 25 27 -1 -1 -1 -1 
455 53 452 164 57 73 -1 -1 -1 -1 
456 41 586 167 15 17 -1 -1 -1 -1 
456 46 494 133 25 27 -1 -1 -1 -1 
456 53 452 164 57 73 -1 -1 -1 -1 
457 41 586 167 16 18 -1 -1 -1 -1 
457 46 494 133 26 27 -1 -1 -1 -1 
457 53 458 168 51 63 -1 -1 -1 -1 
458 41 587 168 16 19 -1 -1 -1 -1 
458 46 495 133 26 26 -1 -1 -1 -1 
458 53 462 166 51 61 -1 -1 -1 -1 
459 41 587 168 16 19 -1 -1 -1 -1 
459 46 495 133 26 26 -1 -1 -1 -1 
459 53 462 166 51 61 -1 -1 -1 -1 
460 41 587 170 17 19 -1 -1 -1 -1 
460 46 496 133 25 26 -1 -1 -1 -1 
460 53 466 164 50 56 -1 -1 -1 -1 
461 41 587 170 17 19 -1 -1 -1 -1 
461 46 496 133 25 26 -1 -1 -1 -1 
461 53 466 164 50 56 -1 -1 -1 -1 
462 41 587 173 18 19 -1 -1 -1 -1 
462 46 496 133 25 25 -1 -1 -1 -1 
462 53 470 161 46 57 -1 -1 -1 -1 
463 41 589 174 16 19 -1 -1 -1 -1 
463 46 497 132 25 25 -1 -1 -1 -1 
463 53 474 161 44 54 -1 -1 -1 -1 
464 41 589 174 16 19 -1 -1 -1 -1 
464 46 497 132 25 25 -1 -1 -1 -1 
464 53 474 161 44 54 -1 -1 -1 -1 
465 41 589 174 17 20 -1 -1 -1 -1 
465 46 497 132 25 25 -1 -1 -1 -1 
466 41 589 174 19 22 -1 -1 -1 -1 
466 53 480 155 43 52 -1 -1 -1 -1 
467 41 590 175 18 23 -1 -1 -1 -1 
467 53 483 154 40 52 -1 -1 -1 -1 
468 41 590 175 18 23 -1 -1 -1 -1 
468 53 483 154 40 52 -1 -1 -1 -1 
469 41 590 176 20 25 -1 -1 -1 -1 
469 53 488 154 35 49 -1 -1 -1 -1 
470 41 590 181 20 23 -1 -1 -1 -1 
470 53 490 152 34 49 -1 -1 -1 -1 
471 41 590 181 20 23 -1 -1 -1 -1 
471 53 490 152 34 49 -1 -1 -1 -1 
472 41 591 181 21 25 -1 -1 -1 -1 
472 53 492 150 33 48 -1 -1 -1 -1 
473 41 591 181 21 25 -1 -1 -1 -1 
473 53 492 150 33 48 -1 -1 -1 -1 
474 41 591 181 22 27 -1 -1 -1 -1 
474 53 493 148 34 49 -1 -1 -1 -1 
475 41 592 183 23 27 -1 -1 -1 -1 
475 53 494 148 35 48 -1 -1 -1 -1 
476 41 592 183 23 27 -1 -1 -1 -1 
476 53 494 148 35 48 -1 -1 -1 -1 
477 41 594 185 22 28 -1 -1 -1 -1 
478 41 594 188 24 30 -1 -1 -1 -1 
479 41 594 188 24 30 -1 -1 -1 -1 
480 41 594 190 27 31 -1 -1 -1 -1 
481 41 594 190 27 31 -1 -1 -1 -1 
482 41 596 192 27 32 -1 -1 -1 -1 
483 41 597 194 26 36 -1 -1 -1 -1 
484 41 597 194 26 36 -1 -1 -1 -1 
485 41 599 195 27 39 -1 -1 -1 -1 
486 41 599 199 30 38 -1 -1 -1 -1 
487 41 599 199 30 38 -1 -1 -1 -1 
488 41 600 201 31 41 -1 -1 -1 -1 
489 41 600 206 33 41 -1 -1 -1 -1 
490 41 600 206 33 41 -1 -1 -1 -1 
491 41 602 211 35 43 -1 -1 -1 -1 
492 41 604 213 35 46 -1 -1 -1 -1 
493 41 604 213 35 46 -1 -1 -1 -1 
494 41 605 215 34 50 -1 -1 -1 -1 
495 41 608 218 31 55 -1 -1 -1 -1 
496 41 608 218 31 55 -1 -1 -1 -1 
497 41 608 218 31 55 -1 -1 -1 -1 
502 59 519 142 21 27 -1 -1 -1 -1 
503 59 520 141 20 27 -1 -1 -1 -1 
504 59 520 141 20 27 -1 -1 -1 -1 
510 59 520 141 20 27 -1 -1 -1 -1 
527 60 579 151 21 28 -1 -1 -1 -1 
528 60 579 151 21 28 -1 -1 -1 -1 
529 61 580 152 21 29 -1 -1 -1 -1 
530 61 580 152 21 29 -1 -1 -1 -1 
531 61 580 152 21 29 -1 -1 -1 -1 
532 62 580 152 23 35 -1 -1 -1 -1 
533 62 581 154 24 34 -1 -1 -1 -1 
534 62 581 154 24 34 -1 -1 -1 -1 
535 62 582 156 22 32 -1 -1 -1 -1 
536 62 582 155 23 35 -1 -1 -1 -1 
537 62 582 155 23 35 -1 -1 -1 -1 
538 62 583 155 25 39 -1 -1 -1 -1 
539 62 582 154 27 42 -1 -1 -1 -1 
540 62 583 157 28 43 -1 -1 -1 -1 
541 62 583 157 28 43 -1 -1 -1 -1 
544 62 585 160 28 43 -1 -1 -1 -1 
545 62 585 160 29 45 -1 -1 -1 -1 
546 62 586 162 30 45 -1 -1 -1 -1 
547 62 586 162 30 45 -1 -1 -1 -1 
547 63 587 161 30 47 -1 -1 -1 -1 
551 62 586 159 37 62 -1 -1 -1 -1 
552 62 588 163 37 62 -1 -1 -1 -1 
553 62 589 165 38 62 -1 -1 -1 -1 
554 62 589 165 38 62 -1 -1 -1 -1 
555 62 590 170 41 59 -1 -1 -1 -1 
556 62 592 169 41 64 -1 -1 -1 -1 
557 62 592 169 41 64 -1 -1 -1 -1 
558 62 593 170 45 72 -1 -1 -1 -1 
559 62 595 178 44 69 -1 -1 -1 -1 
560 62 595 178 44 69 -1 -1 -1 -1 
561 62 596 176 43 76 -1 -1 -1 -1 
562 62 598 178 41 78 -1 -1 -1 -1 
563 62 600 180 39 82 -1 -1 -1 -1 
564 62 600 180 39 82 -1 -1 -1 -1 
566 62 603 181 36 95 -1 -1 -1 -1 
567 62 603 181 36 95 -1 -1 -1 -1 
571 62 603 181 36 95 -1 -1 -1 -1 
577 65 612 190 19 18 -1 -1 -1 -1 
578 65 612 190 19 18 -1 -1 -1 -1 
579 65 612 190 21 19 -1 -1 -1 -1 
580 65 614 190 20 21 -1 -1 -1 -1 
581 65 614 190 20 21 -1 -1 -1 -1 
581 66 598 168 14 15 -1 -1 -1 -1 
582 65 615 190 20 24 -1 -1 -1 -1 
582 66 598 169 14 15 -1 -1 -1 -1 
583 65 617 193 20 23 -1 -1 -1 -1 
583 66 599 169 15 14 -1 -1 -1 -1 
584 65 617 193 20 23 -1 -1 -1 -1 
584 66 599 169 15 14 -1 -1 -1 -1 
585 65 617 194 21 24 -1 -1 -1 -1 
585 66 600 171 15 13 -1 -1 -1 -1 
586 65 617 196 22 25 -1 -1 -1 -1 
586 66 600 172 15 12 -1 -1 -1 -1 
587 65 618 197 21 26 -1 -1 -1 -1 
587 66 601 173 14 11 -1 -1 -1 -1 
588 65 618 197 21 26 -1 -1 -1 -1 
588 66 601 173 14 11 -1 -1 -1 -1 
589 65 619 197 20 28 -1 -1 -1 -1 
589 66 601 174 15 12 -1 -1 -1 -1 
590 65 620 199 19 28 -1 -1 -1 -1 
590 66 602 175 16 13 -1 -1 -1 -1 
591 65 622 201 17 26 -1 -1 -1 -1 
591 66 603 176 16 14 -1 -1 -1 -1 
592 65 622 201 17 26 -1 -1 -1 -1 
592 66 603 176 16 14 -1 -1 -1 -1 
593 65 624 205 15 25 -1 -1 -1 -1 
593 66 604 176 16 15 -1 -1 -1 -1 
594 65 624 206 15 27 -1 -1 -1 -1 
594 66 606 178 15 13 -1 -1 -1 -1 
595 65 624 206 15 27 -1 -1 -1 -1 
595 66 606 178 15 13 -1 -1 -1 -1 
596 65 626 206 13 29 -1 -1 -1 -1 
596 66 606 177 15 15 -1 -1 -1 -1 
597 65 627 207 12 30 -1 -1 -1 -1 
597 66 607 177 15 16 -1 -1 -1 -1 
598 65 627 207 12 30 -1 -1 -1 -1 
599 66 607 177 16 19 -1 -1 -1 -1 
600 66 608 176 16 21 -1 -1 -1 -1 
601 66 608 177 17 21 -1 -1 -1 -1 
602 66 608 177 17 21 -1 -1 -1 -1 
603 66 608 178 18 21 -1 -1 -1 -1 
604 66 610 180 18 21 -1 -1 -1 -1 
605 66 610 180 18 21 -1 -1 -1 -1 
606 66 611 184 17 18 -1 -1 -1 -1 
607 66 611 186 19 18 -1 -1 -1 -1 
608 66 611 186 19 18 -1 -1 -1 -1 
609 66 612 185 20 21 -1 -1 -1 -1 
610 66 613 187 20 20 -1 -1 -1 -1 
611 66 613 187 20 20 -1 -1 -1 -1 
612 66 615 187 20 21 -1 -1 -1 -1 
613 66 617 187 19 23 -1 -1 -1 -1 
614 66 617 187 19 23 -1 -1 -1 -1 
615 66 618 187 20 25 -1 -1 -1 -1 
616 66 618 188 21 26 -1 -1 -1 -1 
617 66 618 188 21 26 -1 -1 -1 -1 
618 66 620 189 19 28 -1 -1 -1 -1 
619 66 622 192 17 26 -1 -1 -1 -1 
620 66 622 192 17 26 -1 -1 -1 -1 
621 66 622 196 17 25 -1 -1 -1 -1 
622 66 622 196 17 27 -1 -1 -1 -1 
623 66 622 196 17 27 -1 -1 -1 -1 
624 66 623 196 16 28 -1 -1 -1 -1 
625 65 626 196 13 30 -1 -1 -1 -1 
626 65 626 198 13 32 -1 -1 -1 -1 
627 65 626 198 13 32 -1 -1 -1 -1 
696 65 626 198 13 32 -1 -1 -1 -1 
698 67 58 385 256 91 -1 -1 -1 -1 
699 67 132 350 220 128 -1 -1 -1 -1 
700 67 199 322 184 146 -1 -1 -1 -1 
701 67 199 322 184 146 -1 -1 -1 -1 
702 67 252 296 154 121 -1 -1 -1 -1 
703 67 293 269 132 111 -1 -1 -1 -1 
704 67 327 257 114 94 -1 -1 -1 -1 
705 67 327 257 114 94 -1 -1 -1 -1 
706 67 353 246 102 81 -1 -1 -1 -1 
707 67 353 246 102 81 -1 -1 -1 -1 
708 67 376 235 88 75 -1 -1 -1 -1 
709 67 394 227 79 66 -1 -1 -1 -1 
710 67 394 227 79 66 -1 -1 -1 -1 
